 10.0627 -4.59935  17.2334 2 2 100 7 124 
10.1946 -3.3383 19.5087 3 2 2095 7 205 12 124 
 7.34535 -2.73184  19.9886 2 2 2123 7 238 
 13.3167 -2.65097  17.1182 2 2 2242 12 1696 
 8.47615 -1.97375  19.8577 2 2 221 7 354 
 6.08876 -1.44836  20.5593 2 2 2327 7 440 
 8.96901 -0.77653  17.0595 2 2 511 12 1840 
  8.91317 -0.763476    16.651 2 2 2528 12 436 
  8.79524 -0.513422   16.6834 4 2 574 7 678 17 3026 37 2158 
  8.73747 -0.350491   17.0222 2 2 2559 12 442 
   8.74605 -0.0927995    17.1645 2 2 604 12 1891 
   8.67158 -0.0944646    17.0545 4 2 2581 7 719 17 5922 37 2226 
7.94358 1.18398 15.9342 2 7 871 12 1986 
7.18287 3.84699 16.1715 5 2 1128 7 1137 12 721 17 1357 37 882 
12.7552 5.45282 14.1089 2 2 3023 17 8789 
 10.2066 -4.71171  17.7714 2 2 1981 7 2107 
 10.0908 -4.57534  17.3851 3 2 4019 7 2162 12 1527 
 10.1814 -4.53719  17.3565 2 2 2002 7 2177 
  8.8503 -3.37009  20.5658 2 2 2061 7 2263 
 5.71865 -3.26055    20.44 2 2 4083 7 2280 
 9.95883 -3.17979  20.2788 2 2 4134 7 2319 
 8.36814 -3.15298  20.2712 2 2 2091 7 2326 
 5.70328 -3.06479   20.332 2 2 4122 7 2340 
 8.22008 -2.46403  19.9667 2 2 2160 7 2386 
 7.10561 -2.17828  19.7878 2 2 4218 7 2435 
 7.05674 -2.11045  19.7146 2 2 4230 7 2444 
 13.4734 -2.39774  16.6566 2 7 2461 12 1719 
 9.27653 -1.45127  17.7827 2 2 4337 12 3011 
 9.28418 -1.60586  16.9493 2 2 4339 12 3021 
 9.24322 -1.36597  17.7192 2 2 2422 12 1767 
 9.22509 -1.38416  17.3792 2 2 4352 12 1779 
 9.18988 -1.25574  17.6582 2 2 2435 12 3023 
 14.1012 -1.13161  15.7278 2 7 2601 12 406 
  8.81125 -0.556365   16.8968 5 2 2543 7 2660 12 1867 17 3018 37 4298 
 8.76867 -0.47191  17.0635 2 2 2547 12 1866 
  8.78885 -0.487884   16.8762 5 2 2548 7 2669 12 1869 17 5837 37 4307 
   8.6737 -0.293158   17.1357 2 2 4434 12 1879 
  8.75319 -0.414332   16.5919 5 2 2566 7 2681 12 1886 17 5854 37 4314 
  8.62451 -0.222554   17.0837 2 2 4441 12 1885 
6.92939  2.7752 17.6385 4 2 4592 7 2833 12 2056 17 7883 
7.26813 3.34931 15.7732 5 2 2957 7 2949 12 2162 17 3973 37 2895 
7.27474  3.5678 16.1271 5 2 4699 7 2954 12 3247 17 3999 37 4817 
7.23173 3.53233 15.9238 5 2 2975 7 2963 12 2171 17 4015 37 2934 
7.25973 3.69911 16.2588 4 2 2977 7 2967 17 4033 37 2956 
 10.0575 -4.38929  17.4736 3 2 4036 7 4434 12 2894 
 10.3326 -3.60398  19.8923 3 2 4088 7 4443 12 2876 
 8.76292 -3.33966  20.6014 3 2 4093 7 4450 12 2866 
 8.18741 -2.33002   19.959 2 2 5874 7 4499 
 8.13062 -2.22212  19.8168 2 2 5880 7 4507 
 6.72345 -2.14846  19.7604 2 2 5893 7 4517 
9.82864 -2.2136 18.6877 2 2 4237 7 4522 
13.4194 -2.4975 16.7715 2 7 4523 12 2967 
 14.1927 -2.59754  15.6226 2 7 4535 12 1734 
 13.2774 -2.34415  16.6659 2 7 4538 12 2976 
 9.81571 -1.83563  18.5738 3 2 4275 7 4552 12 3717 
 10.0769 -2.16079  16.2076 2 2 5929 12 3009 
  14.709 -1.49401  14.8572 2 7 4615 12 3753 
 9.22118 -1.22063  17.5624 2 2 5956 12 3738 
  9.04748 -0.383049   18.0623 2 2 4401 12 3052 
  8.71657 -0.266204   17.0627 4 2 6003 7 4668 12 3070 37 6652 
     8.71 -0.248182   16.9312 5 2 4442 7 4672 12 3075 17 7663 37 5749 
 8.65691 -0.20169  16.8442 2 2 4445 12 3081 
 9.68351 0.329228  15.1564 2 7 4709 12 3127 
 8.19001 0.829037  16.0724 2 7 4728 12 3146 
12.8749 5.55676 13.8874 2 2 4753 17 9257 
6.52388 4.93747 14.5342 2 7 5041 12 3343 
6.54956 5.02056 14.6182 2 7 5043 12 3345 
 9.93719 -4.18136   17.365 2 2 5801 7 5985 
  9.1101 -3.18621  20.4841 2 2 6847 7 5990 
 9.86863 -3.32999  17.3838 2 2 6858 7 6002 
 6.70924 -2.16789  19.9107 2 2 5885 7 6033 
 11.7949 -2.52411  13.4686 2 7 6069 16 3982 
 9.28697 -1.42093  17.5109 2 2 5951 12 3735 
 11.4676 -1.63864  13.2041 2 7 6095 16 3822 
 14.3428 0.199266  14.1277 2 7 6109 12 3095 
 8.25817 0.856378  15.9802 2 7 6123 12 3812 
7.95631 1.22714 15.9676 2 7 6136 12 3822 
8.10403 1.23945 15.8098 2 7 6138 12 3823 
 7.05856 -3.42215  20.4331 2 2 6834 7 6797 
 9.94566 -3.10086  20.4015 2 2 6850 7 6804 
 9.62942 -2.99515  20.1085 3 2 5837 7 6809 12 4269 
 8.31888 -1.78021   19.732 2 2 6880 7 6829 
  15.255 -1.84611   14.352 2 7 6838 12 3744 
 9.26764 -1.35743  17.6197 2 2 6894 12 4288 
 6.41307 0.358803   20.117 2 7 6860 17 8686 
   8.59657 -0.0492757     17.021 2 2 7374 12 3774 
 10.8421 0.185386  12.8428 2 7 6872 16 4080 
 7.7635 1.69664 15.9378 2 7 6888 12 4334 
 10.1279 -4.27244  17.9036 2 2 7598 7 7266 
 10.3166 -3.65399   19.713 3 2 7342 7 7268 12 4800 
 14.1918 -2.65321  15.7886 2 7 7279 12 4575 
  10.9236 -0.705529   15.3964 2 7 7296 12 3771 
  8.75408 0.0431634   17.6931 2 2 7638 12 4827 
 8.08299 0.798637  16.3362 2 7 7311 12 4593 
6.41527  5.1095 14.5078 2 7 7414 12 4660 
 10.4196 -5.11125  17.6775 3 2 7590 7 7602 12 4546 
10.3194 -4.7432 17.5423 3 2 7595 7 7606 12 4801 
 14.2312 -2.46702  16.8974 5 2 7868 7 7622 17 10007 36 4068 37 8004 
 14.6475 -2.22125  16.6824 4 2 7870 7 7624 17 10133 36 4127 
  8.8232 -1.01376  19.4615 2 2 7882 7 7632 
 14.0575 -1.00999  15.2893 2 7 7634 12 4824 
  14.4927 0.0322456   14.2414 2 7 7648 12 4830 
 13.1904 0.497396  14.5955 2 7 7652 12 4834 
11.0738 1.21886 14.8407 2 7 7661 12 4837 
11.3861 1.93888 14.4667 2 7 7665 12 4843 
5.73648 3.40885 18.1492 2 2 7917 17 9929 
5.35785 4.66893 17.7319 2 7 7700 12 4874 
 10.0352 -4.28654  17.2943 3 2 8066 7 7872 12 4971 
 9.29673 -1.37846  17.9008 2 2 7881 12 4981 
 8.40231 0.889874  18.2074 2 2 8086 12 4994 
7.50156 2.33421 17.7638 2 7 7900 12 4842 
7.90317 2.06353 16.7238 2 7 7901 12 5005 
8.50178 1.93605 14.6032 2 7 7902 12 5007 
10.1345 2.55169 14.0545 2 7 7905 12 4853 
 6.8769 2.95896 17.6031 3 2 7911 7 7906 17 9927 
 9.86223 -4.48989  17.5534 2 2 8189 7 8043 
 6.66879 -2.45479  19.9575 2 2 8197 7 8048 
  7.66291 -0.928201   20.1812 2 2 8073 12 5082 
 9.22419 -1.44466  17.0336 2 2 8074 12 5085 
7.78732  1.7133  18.123 2 7 8073 12 5165 
7.76427 1.29481 15.9931 2 7 8075 12 5091 
12.0599 1.90221 14.4121 2 7 8076 12 5004 
 8.0254 1.67729 16.6438 2 7 8077 12 5090 
 10.1569 -4.94039  17.6246 3 2 8188 7 8174 12 5151 
 9.98589 -2.10053  18.4377 2 2 8309 7 8176 
 11.5552 0.469973  14.6988 2 7 8185 12 5164 
 8.31892 0.885356  17.2148 2 7 8187 12 5163 
  10.828 0.738937  14.8764 2 7 8188 12 5086 
 8.16072 0.443764  16.2795 2 7 8263 12 5237 
7.58197 1.34161 18.6511 2 2 8396 12 5294 
12.1398 1.32684  14.693 2 7 8266 12 5240 
7.44099 1.93072 15.8023 2 7 8269 12 5242 
10.0688 -1.6269 15.9101 2 2 8433 12 5287 
 7.11981 0.618201  4.61203 2 7 8330 16 4310 
 10.3225 -3.36489  18.3678 2 2 8517 7 8404 
 9.20318 -1.54722  16.9516 2 7 532 12 387 
  14.973 -1.95991   14.508 2 7 492 12 395 
  9.01697 -0.420125   17.9724 2 7 636 12 419 
8.87783 -0.8462 16.6091 2 7 638 12 432 
   13.7283 -0.0645062    15.5677 2 7 677 12 447 
12.9384 1.49014 13.9112 2 7 845 12 537 
7.33119 3.38547 16.0971 4 2 1036 12 673 17 1158 37 737 
7.18987 3.85555 16.2341 4 2 1120 12 717 17 1348 37 877 
 9.96385 -3.69289  20.0085 2 7 2218 12 1468 
 9.37021 -1.42112   17.734 2 7 520 12 1759 
 9.39347 -1.44157  17.6594 2 7 2565 12 1760 
 9.21489 -1.20586  17.5752 2 2 2447 12 1786 
  9.03863 -0.779407   17.2753 2 2 2503 12 1827 
  8.98945 -0.767473   17.1859 2 7 625 12 1835 
 8.85931 -0.64582  17.2133 2 7 642 12 1846 
  8.89964 -0.822499   16.5096 2 7 2644 12 1859 
  9.02648 -0.640001   16.3718 2 7 6104 12 1873 
6.60921  5.4365 15.4908 2 7 3127 12 2345 
6.44612 5.21641 14.5074 2 7 1314 12 2364 
 10.0606 -4.47418  17.4116 2 7 2185 12 2892 
 10.1427 -3.36359  19.5632 2 7 4463 12 2896 
 10.1535 -3.26075  19.6204 2 2 4137 12 2900 
 13.4538 -2.58901  16.8541 2 7 4518 12 2959 
  13.596 -2.56614  16.5873 2 7 6037 12 2968 
 14.4145 -2.63715  15.5146 2 7 4533 12 2979 
  10.082 -2.12427  16.0864 2 7 6064 12 3015 
14.9772 -2.0214 14.3209 2 7 4600 12 3030 
  8.60036 -0.378653    16.517 2 7 4673 12 3080 
6.47282 5.13902  14.388 2 7 5052 12 3360 
 10.3439 -4.34337  17.8571 2 7 4431 12 3677 
  8.88279 -0.970268   19.3256 2 7 4609 12 3730 
9.09289 -1.0271 17.5571 2 7 6089 12 3746 
  14.709 -1.49401  14.8572 2 7 4614 12 3752 
  8.96799 -0.843097   16.9805 2 2 6911 12 3762 
  8.75465 -0.438273   17.2292 2 2 5993 12 3766 
7.81434 1.11754 18.4964 2 2 6031 12 3787 
 8.24609 0.201705  16.3157 2 7 6869 12 3789 
8.49973 0.89425 17.5461 2 7 6871 12 3791 
7.99644 1.32172 16.1611 2 7 6137 12 3821 
7.78007 1.83273 15.9388 2 7 4752 12 3834 
5.92016  4.9513 17.3655 2 7 6270 12 3940 
 9.32352 -3.09069  20.2932 2 7 6805 12 4267 
 14.4777 -1.39459  15.4882 2 7 6844 12 4296 
 10.1543 0.583259    15.03 2 7 7306 12 4312 
8.23862 1.31292 16.8795 2 7 6879 12 4324 
7.81552 2.47424 15.9654 2 7 6892 12 4345 
8.90495 2.30931 14.4277 2 7 7326 12 4348 
10.1231 -4.5414 17.4593 2 7 7263 12 4551 
 10.1053 -4.26607  17.8965 2 2 7599 12 4553 
 10.1077 -3.44928  19.5534 2 7 7271 12 4554 
13.5992 -2.5613 16.6781 2 7 7623 12 4570 
 9.44736 -1.95878  16.9012 2 7 6836 12 4580 
11.6165 1.50592 14.7003 2 7 7662 12 4598 
7.90288 1.92185 16.3484 2 7 7317 12 4606 
 14.7016 -2.15143  15.5388 2 7 7625 12 4816 
 8.07008 0.798122  16.3391 2 7 7658 12 4835 
  9.05513 -0.954786   19.5984 2 7 7631 12 4977 
9.55356 -3.3003 20.2855 2 7 8045 12 5075 
 9.40381 -1.50045  18.2504 2 2 7879 12 5084 
5.49068 4.83807 17.5456 2 7 8113 12 5113 
 10.1899 -4.33069  16.9026 2 2 8192 12 5152 
 14.6099 -2.02433  15.9784 2 7 8254 12 5159 
 13.7854 0.156295   15.083 2 7 8183 12 5162 
13.0055 1.95154 14.2294 2 7 8191 12 5167 
 9.91188 -2.57035  17.4406 2 7 8253 12 5227 
 9.22626 -1.14467  17.9395 2 2 8316 12 5230 
   8.7954 -0.173794   17.4698 2 2 8393 12 5292 
  8.87473 0.0351962   15.2736 2 7 8326 12 5295 
 7.2862 3.26648 15.6724 3 2 1052 17 1168 37 2879 
  8.85628 -0.650713    16.898 2 2 546 17 2986 
   8.7811 -0.469818     16.78 3 2 577 17 3042 37 2169 
  8.78162 -0.440816   16.7333 2 2 584 17 3045 
4.56782 3.12143 18.6172 2 2 2885 17 6442 
 13.9343 -1.60308  16.4844 4 2 402 17 7392 36 2562 37 5405 
 5.79657 -3.13516  20.4903 2 7 2313 17 7535 
6.23964 3.72071 17.8705 2 2 2942 17 7956 
7.17741 3.88786 16.3556 3 2 4717 17 7992 37 6061 
8.16775 1.00176 16.3108 2 2 6045 17 8698 
 7.1822 3.72245 15.9564 3 2 7017 17 9253 37 7209 
 11.6116 -2.31915  13.5439 2 7 6076 16 3812 
 10.7964 0.396487  14.8188 3 17 3105 36 1867 37 4303 
7.29645 3.44464 16.0667 3 2 1055 17 1187 37 757 
  8.75435 -0.427551   16.8574 2 2 582 37 2184 
 9.23413 -0.30696  14.9222 2 17 5829 37 4270 
6.75464 2.77509 17.6333 2 2 2814 37 5978 
  8.6218 0.841418  14.6722 2 17 7766 37 6698 
8.68865 2.03558 14.4384 2 17 7854 37 6744 
6.06422 3.47787 18.1348 2 2 4665 37 6781 
7.45094 2.01619 14.1067 2 17 10356 37 8255 
7.05842 3.77792 13.9146 2 17 10333 37 8262 
