-0.534465  -1.32709   3.92567 2 3 9 8 11 
-2.67969  2.00214   4.6449 2 3 1260 8 2154 
 1.25622 -1.11158  3.23335 2 3 1669 8 2574 
-2.14528  -1.6045  5.29196 2 3 1722 8 2599 
-2.08475 -1.58435  5.27011 2 3 1728 8 2604 
 0.329258 -0.974933    3.7596 2 3 1820 8 2698 
0.321994 -0.95882  3.75956 2 3 71 8 2709 
-0.181604 -0.858129   4.04851 2 3 148 8 2802 
 -3.29072 -0.734205   5.42943 2 3 2043 8 2984 
  -2.1643 -0.496235    5.1792 3 3 368 8 3065 13 6496 
 -2.18277 -0.494664   5.18547 2 3 370 8 3066 
-0.076858 -0.278332   3.71504 2 3 404 8 3156 
 0.268975 -0.193661   3.48213 2 3 455 8 3244 
-0.192558  -0.20092   3.75977 2 3 461 8 3248 
-0.369923 -0.201722   3.86418 2 3 464 8 3256 
-0.557216 -0.151839   3.95516 2 3 494 8 3308 
-1.21267 0.158295  4.26885 2 3 2391 8 3511 
-2.40853 0.509055   4.9698 2 3 2491 8 3658 
-3.28249 0.844991  4.91153 2 3 2562 8 3759 
0.130691 0.626472  3.66042 2 3 808 8 3762 
-2.70212  1.48069  4.79179 2 3 1125 8 4068 
-3.22747  1.74254  4.90684 2 3 1212 8 4170 
-0.975375   1.19976   3.34931 3 3 1216 8 4174 13 2629 
-2.87324  1.73972  4.83918 2 3 2975 8 4179 
-2.84284  1.74077  4.83858 2 3 1227 8 4181 
-1.89218  1.50509  4.17588 3 3 1225 8 4182 13 5274 
-2.34814  1.64818   4.5666 3 3 1232 8 4183 13 9344 
-2.47602   1.6652  4.61398 3 3 2977 8 4184 13 9342 
-2.8073  2.0121  4.7125 2 3 3013 8 4226 
-0.250649   1.49637   3.34093 2 3 1279 8 4252 
-2.55419  2.18636   4.4497 2 3 1373 8 4357 
-0.516011   2.09778   3.28449 2 3 3413 8 4519 
-0.411627  -1.81038   4.39098 2 3 1606 8 4621 
-0.371714  -1.76379   4.35583 2 3 3623 8 4636 
 1.05492 -1.29998  3.33464 2 3 1626 8 4668 
 1.17716 -1.28805    3.326 2 3 3658 8 4677 
-0.523597   -1.6618   4.41657 2 3 1639 8 4682 
 1.23714 -1.12582  3.24767 2 3 1666 8 4731 
 -2.1033 -1.60782  5.28521 2 3 1720 8 4783 
-2.14807 -1.57047  5.28304 2 3 1739 8 4798 
-2.1072 -1.5694 5.27461 3 3 1734 8 4799 13 8201 
-2.12178 -1.48012  5.25668 2 3 3823 8 4838 
-2.10388 -1.44926  5.23897 3 3 1785 8 4849 13 8251 
0.280432 -1.07907  3.83167 2 3 1773 8 4856 
 0.385216 -0.996994   3.72045 2 3 1808 8 4891 
-0.0267859   -1.04729    3.98721 2 3 3845 8 4899 
 0.343545 -0.969501   3.75594 2 3 1823 8 4912 
 0.160369 -0.982272   3.87211 2 3 1828 8 4920 
 0.205301 -0.935899   3.82651 3 3 1855 8 4952 13 6392 
-0.0516681  -0.931427    3.96927 2 3 1884 8 4972 
-0.0627291  -0.908923    3.96676 2 3 1896 8 4983 
-0.140785  -0.87575   4.02202 3 3 1920 8 5006 13 6408 
-0.271765 -0.848609   4.09016 2 3 1943 8 5024 
-0.316051 -0.828991   4.11777 2 3 1954 8 5036 
-0.346022 -0.824354   4.13616 2 3 1959 8 5039 
-0.648519 -0.802893   4.30336 2 3 1987 8 5062 
-0.598135 -0.775103   4.26703 3 3 1992 8 5070 13 6449 
 -0.89484 -0.729467   4.40588 2 3 2013 8 5091 
-0.985359 -0.720523   4.40767 2 3 2014 8 5092 
 0.190794 -0.339441   3.56449 2 3 4061 8 5190 
 0.180137 -0.322889   3.56215 2 3 2114 8 5206 
-0.225843 -0.303383   3.80752 3 3 4092 8 5226 13 6749 
 -2.80518 -0.347527   5.14072 3 3 2177 8 5237 13 9902 
-0.544229 -0.257186   4.00551 2 3 4115 8 5253 
0.00304401   -0.11249    3.60459 2 3 4169 8 5313 
 -0.553576 -0.0646535    3.92229 2 3 4181 8 5336 
-0.171766  0.131438   3.63017 2 3 2392 8 5437 
-0.195693  0.149837    3.6296 2 3 2398 8 5448 
0.0109845  0.212264   3.49204 2 3 2433 8 5486 
-1.15949 0.372614   3.6003 2 3 5562 8 5535 
0.267726 0.540507   3.3065 2 3 2542 8 5589 
-0.142394  0.627184    3.5249 3 3 2574 8 5617 13 9078 
-1.93578  1.00774  4.36242 2 3 2714 8 5695 
-1.90189  1.29106  4.25719 2 3 2849 8 5779 
-3.25883  1.72885  4.93862 2 3 4578 8 5843 
-2.47636  1.62894  4.61883 2 3 2944 8 5844 
-3.17012  1.73185  4.88073 2 3 2950 8 5852 
-2.46546    1.648  4.61943 2 3 2951 8 5856 
-2.85832  1.73045  4.84201 2 3 2959 8 5859 
-2.41612  1.63987  4.59269 2 3 4590 8 5860 
-2.67807  1.69567   4.7167 2 3 2976 8 5872 
-2.4403 1.65572 4.59196 2 3 2978 8 5875 
-2.3816 1.64753 4.56784 2 3 2979 8 5876 
-2.85748  2.08132  4.73243 2 3 3032 8 5924 
-2.22302  2.19557  4.43315 2 3 1382 8 6002 
-0.0600043     1.6693    3.14697 2 3 3257 8 6038 
-0.48735  2.09618  3.26614 3 3 3415 8 6144 13 9606 
 1.51257 -1.32526  3.16354 2 3 5139 8 6329 
-0.599178  -1.78348   4.49347 2 3 5201 8 6344 
 1.17397 -1.32298  3.32747 2 3 5193 8 6356 
-1.02377 -1.81661  4.72049 2 3 3665 8 6359 
 1.24088 -1.30664   3.3031 2 3 5202 8 6361 
 1.37654 -1.27953  3.23579 2 3 3641 8 6363 
 1.18968 -1.30898  3.33455 2 3 5206 8 6365 
-1.00132  -1.7987  4.71841 2 3 3671 8 6368 
 1.26293 -1.28024  3.27808 2 3 3650 8 6371 
 1.24493 -1.20468   3.2668 2 3 5250 8 6401 
  0.35182 -0.985361    3.7468 2 3 3847 8 6506 
0.368183 -0.97291  3.74458 2 3 3852 8 6509 
 0.245327 -0.956205   3.81364 2 3 3867 8 6521 
 0.170874 -0.954156   3.85418 3 3 3870 8 6522 13 8563 
 0.174557 -0.931291   3.85096 2 3 3881 8 6525 
-0.089107 -0.887437   3.98666 2 3 1908 8 6539 
-0.292392 -0.857138   4.10904 2 3 3924 8 6550 
-0.213743 -0.851388   4.07652 2 3 3923 8 6551 
-3.19367 -1.18551  5.89929 2 3 5384 8 6552 
-0.401123 -0.827077   4.16275 2 3 3945 8 6560 
-0.489534 -0.810147   4.21342 2 3 3955 8 6567 
-0.546975 -0.800244   4.24133 2 3 3958 8 6569 
-0.656754 -0.760663   4.29828 2 3 3966 8 6577 
-0.907679 -0.745084   4.40713 2 3 3976 8 6582 
-0.931461 -0.723091    4.4107 2 3 3980 8 6583 
-0.975724 -0.671777   4.39734 2 3 3991 8 6587 
-2.20602 -0.47041  5.16726 2 3 4069 8 6636 
-0.106979 -0.286926    3.7307 2 3 4094 8 6653 
 -0.38665 -0.214099   3.87644 2 3 5485 8 6671 
-1.00033 0.137345   4.2099 3 3 4221 8 6745 13 10041 
0.232189 0.207405  2.96707 2 3 4259 8 6772 
-2.37409 0.383238  4.96426 2 3 4265 8 6781 
-0.60447 0.367337  3.24694 2 3 6297 8 6799 
 -1.9721 0.618745  4.50499 2 3 4304 8 6812 
-2.36695 0.692376   4.8217 2 3 5585 8 6816 
-0.0856851   0.636017    3.50081 3 3 4356 8 6851 13 9094 
-2.38943  1.61362  4.58374 2 3 4580 8 6951 
-3.20541  1.75175  4.89889 2 3 4593 8 6966 
-0.887332   1.23132   3.37791 2 3 5732 8 6980 
-0.55826  1.56257  3.50786 2 3 4670 8 7031 
-2.46968  2.01845  4.46477 2 3 5784 8 7053 
-0.52302  1.58799  2.80852 2 3 5881 8 7121 
-2.49631  2.46233   4.3458 2 3 4866 8 7123 
-0.725788   2.12948   3.39644 2 3 4916 8 7161 
-0.671604   2.12787   3.36202 2 3 4924 8 7165 
-0.461963   2.08777   3.24877 3 3 5935 8 7171 13 9608 
 1.24235 -2.07788   3.3295 2 3 4997 8 7211 
 1.53394 -1.34087   3.1137 2 3 5123 8 7280 
 1.06973 -1.36383  3.33805 2 3 6090 8 7294 
 1.45991 -1.31644  3.19773 2 3 5155 8 7296 
 1.37369 -1.31912  3.23716 2 3 6091 8 7299 
 1.39104 -1.30444  3.23213 2 3 5175 8 7306 
 1.40038 -1.13612  3.16913 2 3 5262 8 7354 
 1.04874 -1.13635   3.2808 2 3 6141 8 7358 
-2.44034 -1.32516  5.48303 2 3 5362 8 7401 
-2.51275 -1.23829  5.46746 2 3 5370 8 7408 
-0.221846 -0.873727   4.08368 2 3 5375 8 7420 
-0.451167 -0.815825   4.17826 2 3 5391 8 7431 
 -1.05993 -0.717655   4.40943 3 3 5418 8 7444 13 9875 
  -2.6065 -0.423934   5.27099 3 3 6244 8 7473 13 9904 
-0.606997 -0.246002   4.00688 2 3 5483 8 7482 
-2.96655 0.206966  5.21815 2 3 5527 8 7538 
-0.573257  0.263462   3.27059 2 3 6679 8 7556 
-1.07054 0.464561  3.68017 3 3 6300 8 7573 13 10596 
-2.34502 0.706069  4.83025 2 3 5586 8 7576 
-3.0609 1.21365 5.10807 2 3 5644 8 7628 
-1.02044  1.21961  3.38087 2 3 4605 8 7684 
-2.50214  1.67893  4.62553 3 3 5731 8 7692 13 11006 
-3.25384  2.08436  4.94822 2 3 5749 8 7718 
-2.887  2.041 4.7445 2 3 5756 8 7721 
-0.396507   1.53141   3.42213 2 3 5773 8 7732 
-2.40075  2.06073  4.49395 2 3 5796 8 7751 
-2.80471   2.1502  4.69405 2 3 5792 8 7753 
-2.35022  2.10815   4.5444 2 3 5803 8 7754 
-2.58035  2.10739  4.49609 2 3 5807 8 7761 
-2.43805  2.16393  4.40014 2 3 5820 8 7773 
-0.758441   2.13301    3.4166 2 3 5914 8 7842 
-0.651254   2.11343    3.3556 2 3 5922 8 7843 
 1.40811 -1.28815  3.21832 2 3 6097 8 7917 
 1.47279 -1.26355  3.17128 2 3 6099 8 7918 
  0.31613 -0.979048   3.76935 2 3 6175 8 7956 
 -2.64843 -0.567715    5.2981 3 3 6236 8 7980 13 10850 
-0.217303 0.0289291   3.68843 2 3 6274 8 8001 
0.316008 0.543277  3.27284 3 3 6311 8 8033 13 10609 
0.182646 0.577436   3.3498 2 3 6312 8 8035 
-0.12818 0.644258  3.52396 2 3 6317 8 8042 
-3.27262  1.39961  5.04121 2 3 6363 8 8064 
-0.376443   1.50789   3.40844 2 3 6400 8 8099 
-0.245165   1.50267   3.33516 2 3 6407 8 8104 
-0.025884   1.45304    3.2105 2 3 6408 8 8105 
0.306723  1.37359  3.02402 2 3 6411 8 8107 
-2.70256  2.10676  4.61296 2 3 6412 8 8109 
-2.23822  2.46584  4.36454 2 3 6457 8 8152 
-2.37321  2.42631  4.27958 2 3 6459 8 8155 
-2.41329  2.45397  4.29617 2 3 5885 8 8162 
-2.68932   2.7803  4.29767 2 3 6496 8 8183 
-3.00862  2.90146  4.47303 2 3 6497 8 8186 
-1.25049 -1.73836  4.84537 2 3 6607 8 8228 
-2.84313 -1.19242  5.72657 2 3 6641 8 8258 
-0.592461 -0.216279   3.99595 3 3 6655 8 8280 13 10894 
-0.870615 -0.156067   4.13856 3 3 6662 8 8284 13 11146 
-2.87416  1.29272  4.99377 2 3 6722 8 8327 
-2.63098  1.64604  4.69145 2 3 6742 8 8337 
-3.26371   1.7551  4.93516 2 3 6973 8 8342 
-0.486093   2.07016    3.2667 2 3 6792 8 8384 
-0.0170632  -0.916815    3.95339 3 3 7061 8 8418 13 11121 
-0.0415671   -0.32288    3.71441 3 3 6909 8 8435 13 11141 
-0.631354   1.23186   3.63074 2 3 6970 8 8491 
-3.18838   1.6853  4.92282 2 3 7135 8 8492 
-0.322413   1.52766   3.38042 3 3 6987 8 8506 13 11230 
  1.11337 -0.881677   2.86841 2 3 7056 8 8560 
-0.482416 -0.917001   4.23356 3 3 7064 8 8572 13 11295 
 -2.81458 -0.570027   5.23907 2 3 7228 8 8576 
-2.62476  1.70077  4.67341 2 3 7142 8 8623 
-2.36959  1.68168  4.57551 2 3 7144 8 8625 
-2.97839  2.12755  4.79173 2 3 6986 8 8629 
0.0765025   1.44236   3.15951 2 3 7154 8 8632 
-1.33418 -2.03863  4.52264 2 3 7328 8 8656 
 -2.72359 -0.603052   5.26842 3 3 7227 8 8670 13 11499 
 -2.72421 -0.479563   5.25444 2 3 7353 8 8673 
-3.42913  1.28849  5.01651 2 3 7382 8 8709 
-3.44221  1.30752   4.8664 2 3 7385 8 8713 
-1.38084  -1.9459  4.60484 2 3 7330 8 8748 
 -1.09635 -0.669838   4.38085 2 3 7346 8 8756 
-3.30646 0.373867  5.38599 2 3 7367 8 8767 
-1.62171 0.561852  3.90408 2 3 7254 8 8771 
-0.895931  -1.47584   4.55782 2 3 7438 8 8825 
-0.024381   1.49398   3.22761 2 3 7472 8 8859 
-3.34401 -1.61901   5.9318 2 3 7552 8 8884 
-3.0793  2.1273 5.30668 2 3 7573 8 8928 
-3.29949  1.48888  4.79648 2 3 7635 8 8953 
0.307239  1.05282  2.55562 2 3 7637 8 8956 
-1.19635 -1.85889  4.59723 3 3 7647 8 8962 13 11769 
 -1.15619 -0.057735    4.0985 3 3 7667 8 8987 13 11780 
-0.405666 -0.796891   4.15935 2 8 168 13 208 
 0.336936 -0.356408   3.48826 2 8 3059 13 476 
0.0768041  -0.22292   3.59181 2 8 536 13 767 
-0.531928 -0.102804    3.9334 2 8 880 13 818 
 -0.459846 -0.0913546    3.88394 2 8 904 13 923 
-0.227722 -0.132105   3.74644 2 8 792 13 924 
 0.405638 -0.233363   3.39883 2 8 491 13 948 
0.395451 -0.18435  3.39224 2 8 617 13 1094 
 0.325842 -0.171763   3.43717 2 8 663 13 1098 
 0.0617464 -0.0477443    3.53701 2 8 975 13 1285 
 -0.23809 0.0368321   3.70027 2 8 1114 13 1380 
-0.283652  0.196396    3.6696 2 8 1378 13 1659 
-0.0293762   0.232887    3.50812 2 8 1459 13 1731 
-0.0508718   0.252141    3.50944 2 8 1481 13 1749 
-0.683145   2.12875   3.37235 2 8 2487 13 3167 
  1.0442 -1.20772  3.28111 2 8 4697 13 3354 
-0.360567 -0.940609   4.18028 2 8 76 13 3456 
 0.235658 -0.971908   3.81702 2 8 2704 13 3551 
 0.224916 -0.935617   3.80999 2 8 2735 13 3616 
-2.36132 -0.32724  5.19295 2 8 504 13 3844 
-0.185996 -0.253515   3.77424 2 8 3194 13 4022 
-0.195037 -0.236865   3.77169 2 8 3205 13 4047 
 -1.1349 0.112137  4.27756 2 8 1208 13 4238 
-1.14731 0.117305  4.28132 2 8 1215 13 4240 
-1.12314 0.120013  4.26868 2 8 1225 13 4244 
 0.164796 0.0360839   3.44673 2 8 3427 13 4355 
-0.319299  0.153868   3.70599 2 8 3528 13 4389 
-0.223864  0.246436   3.61215 2 8 3605 13 4494 
-0.0197626   0.249435    3.49489 2 8 3614 13 4545 
-2.16871 0.683803  4.67727 2 8 3722 13 4582 
-1.98179 0.889755   4.4587 2 8 1660 13 4615 
-1.91708  1.00322  4.35416 2 3 980 13 4716 
-1.8336 1.37458  4.2093 2 8 2057 13 5176 
-1.82353  1.47206  4.16934 2 8 2111 13 5255 
-0.502149  -1.80828   4.43206 2 8 4627 13 5873 
-0.428027   -1.7971   4.39013 2 8 4626 13 5882 
 1.04979 -1.17966  3.27289 2 8 6409 13 6175 
 0.188716 -0.990974    3.8467 2 8 4910 13 6286 
 0.172366 -0.985325     3.856 2 8 4916 13 6290 
0.447401 -1.00759  3.61968 2 8 4864 13 6291 
 -1.06036 -0.746199     4.432 2 8 2942 13 6331 
 0.389661 -0.979333   3.68816 2 8 4896 13 6347 
-0.604904  -0.79305   4.27465 2 8 2885 13 6418 
 -2.17522 -0.356644   5.11713 2 8 3170 13 6601 
 -2.33676 -0.293425   5.17744 2 8 3221 13 6630 
  -2.82008 -0.0992949     5.1003 2 8 897 13 6695 
-0.563409 -0.250235   3.98601 2 3 4118 13 6744 
-0.877998 -0.190295    4.1696 2 8 3279 13 6756 
 0.175981 -0.352146   3.57261 3 3 4055 8 5183 13 6767 
-0.210479 -0.286916   3.79955 2 8 3154 13 6769 
-0.245124 -0.261328   3.80721 2 8 5246 13 6786 
-0.198393 -0.266734   3.78083 2 8 5243 13 6789 
 -0.539737 -0.0523523    3.90954 2 8 5339 13 6900 
 -1.00068 0.0978232   4.22296 2 8 3459 13 6949 
   -0.38919 -0.00114667     3.79821 2 8 5361 13 6957 
    -0.25407 -0.000306225        3.719 2 8 5364 13 6980 
-2.41248 0.565635  4.95348 2 8 3673 13 7098 
-2.42203 0.578968  4.94474 2 8 3682 13 7113 
-2.43983 0.627293  4.93891 2 8 3696 13 7144 
-2.41361 0.640054  4.98719 2 8 3699 13 7151 
-2.42079 0.683714  4.94972 2 8 5566 13 7180 
-0.0347263   0.251772    3.50529 2 8 5505 13 7182 
-0.299117  0.663824   3.62349 2 8 5631 13 7280 
-1.81634  1.02289  4.37563 2 8 3905 13 7356 
-2.09597  1.11593  4.44297 2 8 3951 13 7412 
-1.92074  1.14187  4.30373 2 8 1892 13 7478 
-1.87327  1.20361   4.2771 2 8 1932 13 7537 
-1.77137    1.264  4.28028 2 8 4045 13 7588 
-1.8465 1.51074 4.16662 2 8 4187 13 7743 
-0.968177  -1.83283   4.68239 2 8 4655 13 8169 
-2.12603 -1.58023  5.26959 2 8 4792 13 8191 
-0.408861  -1.82342   4.36328 2 8 6324 13 8199 
-2.16364 -1.47255  5.25462 2 8 4843 13 8234 
-2.17742  -1.3874   5.2329 2 8 4873 13 8272 
-2.37819 -1.25456  5.42988 2 8 4965 13 8337 
-0.588892  -1.28101   3.94801 2 8 6433 13 8369 
 -2.78955 -0.629167   5.22623 2 8 3018 13 8430 
-1.08243 -0.73364  4.44365 2 8 5089 13 8564 
 0.190592 -0.948709    3.8368 2 8 6523 13 8566 
-0.163819 -0.872941   4.03993 2 8 6545 13 8587 
 -2.80253 -0.285597   5.11461 2 8 3206 13 8653 
  -2.81167 -0.0218929    4.83347 2 8 5345 13 8748 
 0.189876 -0.405403   3.57829 2 8 6612 13 8768 
-0.119684 -0.338756   3.74756 2 3 4071 13 8771 
-0.211285 -0.252654   3.78632 2 8 6662 13 8801 
-0.249801 -0.128753   3.76324 2 8 6692 13 8854 
 -0.429913 -0.0909597    3.85022 2 8 6705 13 8856 
 -0.365547 -0.0820168    3.81255 2 8 6707 13 8867 
  -0.771936 -0.00332248     4.03485 2 8 5360 13 8871 
 -1.01926 0.0898954   4.23648 2 8 5403 13 8897 
0.00505862 -0.0633831    3.58522 2 8 6711 13 8905 
-0.0640005  0.0570564     3.5817 2 8 6728 13 8941 
-2.42926 0.598792  4.95018 2 8 5552 13 8979 
0.110138 0.220326  3.41423 2 8 6768 13 9016 
-1.85802  1.02341  4.39974 2 8 3904 13 9116 
-2.37589  1.64343  4.55521 3 3 2980 8 5877 13 9339 
-1.83028   1.5011  4.16311 2 8 5874 13 9340 
-0.259905   1.49442   3.36098 2 8 7027 13 9389 
-0.462035   2.08776   3.24873 2 3 5934 13 9607 
-0.987232  -1.81897   4.69706 2 8 6354 13 9681 
-2.08597 -1.62812   5.2734 2 8 6451 13 9687 
-1.07093 -1.79711  4.78134 2 8 7328 13 9688 
-0.384949  -1.82392   4.35241 2 8 7281 13 9698 
-2.12657 -1.42231  5.23041 2 8 4860 13 9719 
-2.13136 -1.38545  5.21585 2 8 4876 13 9724 
-2.03612 -1.30464  5.34436 2 8 4934 13 9780 
-0.959982 -0.735425    4.4105 2 8 7441 13 9884 
-0.0757008  -0.689287    3.90957 2 8 7440 13 9947 
-0.260762 -0.650934   4.02457 2 8 7446 13 9950 
-2.97693 0.172785  5.23066 2 8 5421 13 9977 
-0.0802368  -0.163018    3.67057 2 8 7492 13 9998 
-0.0943613  -0.136937    3.67574 2 8 7493 13 10005 
 -0.397376 -0.0753858    3.83437 2 8 7505 13 10015 
-0.0705938 -0.0475539    3.62897 2 8 7509 13 10031 
-1.10558 0.130548  4.25844 2 8 6743 13 10032 
-1.01963 0.116055  4.21811 2 8 7530 13 10033 
-0.0774681   0.121654    3.56936 2 8 7537 13 10060 
-0.0698713   0.256851    3.51643 2 8 7554 13 10083 
-0.993592   1.22137   3.33956 2 8 6987 13 10220 
-0.444098   2.07492   3.24548 2 8 7846 13 10379 
-2.36852 -1.17737  5.38363 2 8 6536 13 10466 
-2.46896 -1.12886  5.41722 2 8 7419 13 10469 
0.0805615 -0.955867     3.904 2 3 6181 13 10510 
 -1.14034 -0.717466   4.44694 2 8 7970 13 10512 
-0.0635293  -0.880107    3.95254 2 8 7963 13 10518 
 -0.223632 -0.0471165    3.71487 2 8 7999 13 10555 
-2.23256 0.360545  4.88234 2 8 6775 13 10565 
-2.71857  0.48743    5.027 2 8 6794 13 10567 
-2.72741 0.597724  5.01132 2 8 6804 13 10577 
0.0758643  0.226018    3.4285 2 8 7548 13 10588 
-0.0242373   0.247967    3.50444 2 8 8012 13 10589 
-0.591147  0.739331   3.77847 2 8 8049 13 10614 
-0.650812   2.11511   3.35972 2 8 7844 13 10769 
 -1.11683 -0.502989    4.3632 2 8 7978 13 10873 
   -2.696 -0.157181   5.17167 2 8 7496 13 10884 
-1.98542  0.86419  4.46908 2 8 7601 13 10940 
-1.88223  1.51742  4.16472 2 8 7696 13 11013 
  1.45384 -0.924954   2.81226 2 3 7051 13 11132 
-0.117044 -0.305968    3.7349 2 8 8436 13 11140 
-0.291847 -0.268173   3.83387 2 8 8438 13 11143 
-0.493927 -0.231939   3.96574 2 8 8441 13 11145 
-0.617761  0.710022   3.79644 2 8 8469 13 11181 
-1.86896  1.15421  4.29985 2 8 8329 13 11193 
-1.89362  1.23476  4.27449 2 8 8065 13 11202 
-1.84905  1.25255  4.28199 2 8 8483 13 11204 
-1.85754  1.47504  4.17826 2 8 8340 13 11215 
0.407371 -1.09377  3.73429 2 8 8563 13 11293 
-2.08348  0.68003  4.59166 2 8 8464 13 11327 
 -2.43035 -0.198307   5.19687 2 8 8586 13 11425 
-0.0367505   0.643773    3.46817 2 8 8700 13 11445 
-0.653071   1.20904   3.70061 2 8 8852 13 11617 
-0.887786  -1.58344   4.67111 2 8 8940 13 11726 
 0.13992 -0.80611  3.82123 2 8 8941 13 11731 
 -1.13062 -0.908338   4.36301 2 8 8983 13 11792 
