0 2
18
2713 6419
1942 5767
905 4618
913 4504
2726 5751
1947 4613
910 4539
1948 5730
904 4623
2927 6459
138 2853
906 5760
1945 5770
2724 6449
2727 5735
2930 6818
2725 6446
2973 7062
0 3
33
887 4981
133 3464
2971 7017
3074 7316
2911 6816
1920 5989
890 3466
899 4970
889 4977
2717 6522
884 3471
883 4987
2915 6814
2703 5982
1928 5986
130 3472
1929 5985
901 4967
1914 5995
1915 5994
1938 5969
128 3474
2970 7019
1925 4975
894 4972
885 3469
131 3470
1924 5988
135 3462
129 3473
882 4988
1918 4984
880 3475
0 4
35
2002 692
2991 909
227 235
2731 827
2740 825
1962 688
2988 988
2000 687
1972 695
2939 832
163 236
217 445
985 446
941 453
176 245
2986 993
1959 454
1976 706
1971 693
952 696
960 447
167 251
1967 823
2742 911
1973 451
161 248
2745 822
2024 686
2983 992
3013 997
2733 828
2982 991
2746 820
2993 908
2736 700
0 5
21
1971 2137
3244 3218
3260 3232
3249 3224
3243 3048
1970 1221
3245 3217
2820 2879
275 395
3268 3239
2742 2818
2732 2806
2746 2132
3083 3134
3250 3225
3263 3236
3026 3086
2986 3024
3262 3235
1962 2105
3081 3133
1 6
74
442 329
270 196
1086 862
888 720
237 175
874 754
1040 834
792 636
882 717
235 348
489 382
495 387
680 540
424 319
951 788
227 342
953 769
422 321
1039 814
877 713
1012 806
411 502
710 670
194 314
923 702
484 552
895 725
891 722
2 1
1057 844
450 339
425 320
939 785
278 200
285 201
922 746
621 280
650 506
946 760
982 787
879 650
941 758
1008 803
713 673
875 640
1054 841
957 770
944 759
170 133
774 616
1023 815
687 664
829 678
501 392
707 205
483 554
831 679
493 385
986 762
436 326
894 724
1050 839
1035 823
689 546
826 567
1033 822
499 390
896 667
195 141
795 518
667 525
871 709
1072 848
1031 821
1 16
20
1046 3659
1012 3581
689 3235
464 2229
917 3457
446 2160
657 2688
66 1287
923 3463
237 1271
818 3252
69 2231
489 3070
693 3238
424 3020
894 3407
986 3540
980 3465
65 1284
687 3059
2 3
44
4391 4966
3052 5088
4643 5035
6810 7015
4463 4974
6811 6812
6816 6813
5815 5052
6443 5993
5850 6054
4647 5045
6438 6536
6807 6810
5807 6027
6551 6574
6440 6537
5838 6049
4674 6040
4708 5083
5842 6046
2890 3536
4694 5068
6412 6526
6538 6571
4725 5095
3087 3562
5836 5066
5772 5983
4684 5076
7062 7014
4666 6035
2886 3539
2913 5050
5819 6030
4443 4980
4622 5980
5726 5984
5740 5972
2951 5059
6447 6533
4652 5058
6474 6557
2876 5031
6834 6836
2 7
575
4845 3580
6197 6508
5207 4156
7425 7657
7228 7338
4223 2681
5550 4619
7009 7038
7583 7805
6282 5931
7540 7851
3794 2174
2680 1089
5504 5967
5509 4553
6940 6915
7346 7506
5045 3990
348 475
7010 7342
6645 6477
7233 7350
7219 7324
6112 5684
6088 5636
7607 7822
1200 1248
7386 7566
5357 2400
7548 7859
5477 4516
4120 2555
3785 2156
2459 2491
5064 5613
6260 5899
6730 7020
4973 3836
6775 7063
706 824
4081 4421
7659 7897
7398 7575
2611 1014
5547 4613
6125 6468
7235 7354
5439 5910
2387 769
7649 7876
3395 3876
6170 5770
5590 4709
6309 6631
2653 2691
3273 3708
4952 3828
7611 7823
1984 422
7381 7560
2770 1235
5456 5933
4213 2673
1968 412
7005 7328
2232 644
7203 7544
3838 2240
4292 4637
6723 7018
6176 5772
6387 6708
7382 7726
6960 6959
1650 1888
4342 2901
6010 6409
6288 6608
7495 7723
5996 5578
7596 7814
4312 2842
7210 7319
5037 3985
2431 826
6227 6542
4077 2510
3912 4239
1957 407
6363 6679
5051 3998
7156 7238
5455 2611
7473 7704
2408 2449
4260 2743
5221 5739
7380 7339
7030 6693
5503 5973
5058 4006
7629 7929
5123 4026
2722 1146
7476 7709
6991 7009
5153 5689
2737 2832
7371 7542
6738 7031
7632 7931
6118 5698
7218 7325
5053 5605
4184 2648
6737 6646
2660 1060
3870 2268
1960 2119
7562 7782
3720 4106
5240 4182
5520 5992
7544 7854
7340 7503
7643 7866
5557 4640
4273 2762
2391 773
2571 2604
7150 7235
4066 864
6746 6656
6965 7285
7556 7860
7215 7322
6312 6633
6652 6501
316 428
4240 2711
7128 7212
6340 6010
6412 6241
4170 2629
7178 7526
7445 7670
4271 2769
2458 2486
3374 3832
6986 7006
5183 4116
2711 1131
7226 7337
4306 2827
6284 6603
2584 2615
5383 5873
7373 7547
7366 7693
4215 4532
4189 4514
3437 1785
2016 453
4257 4582
1866 363
6301 6618
4266 2754
1501 1740
1131 1166
6168 6487
7370 7539
6905 6882
6754 6662
7651 7878
6606 6864
7319 7483
311 423
5353 5840
6242 6565
6061 3923
4274 2775
7232 7349
6180 5777
5264 4217
2001 2140
7625 7856
4048 2471
7336 7502
6956 6950
6305 6625
1851 352
7184 7297
2678 2719
5555 4633
7161 7254
4035 2451
4653 1404
4297 4642
4272 2768
4270 2753
7490 7719
6074 5617
4324 2861
1846 349
5450 4481
3671 4070
2438 831
3412 3865
4136 2582
6022 6416
4214 1035
4463 5238
3462 3918
5591 4697
4299 2808
5594 6044
4181 2644
4269 2764
6758 6669
6759 6672
4340 2899
3891 609
3774 4147
6239 5869
4285 4626
7217 7323
6924 6904
5325 5812
6696 6975
4310 2840
6962 6965
5914 5488
4316 2825
7229 7340
793 886
6989 7008
4371 2975
6328 5999
7572 7868
2695 1103
5400 5884
3515 1877
7222 7551
4216 4535
6818 6275
7152 6913
2642 2680
6292 5951
3365 3846
2451 2481
5807 5331
7169 7264
6171 6493
3240 3609
7212 7320
4047 4389
6626 6459
3145 1492
6310 6630
3872 2277
3710 2085
7122 7201
7384 7562
6683 5848
7477 7710
2750 2857
7191 7306
3565 1929
7241 7365
6771 6688
3954 2348
5309 4259
314 427
5751 5250
7234 7057
6289 5944
5394 4408
6755 6663
6225 5829
6984 7005
6346 6013
324 432
6722 6621
2028 2151
7014 7042
6103 5658
7162 7256
6655 5786
6890 7206
1092 1137
7699 7973
7177 7289
7634 7863
3653 4054
3755 4133
2765 2878
3796 2186
6950 7268
5131 4029
452 587
7345 7674
4219 2678
6628 6888
2669 1068
3758 2145
6359 6031
4042 2467
4251 2715
3814 4170
7196 7540
6189 6506
7677 7956
7016 7050
2405 2446
6736 6645
7594 7887
3675 2051
174 297
7003 7034
7209 7318
7194 7308
2562 976
6930 6911
3858 4201
3920 2317
7700 7889
7600 7890
6757 6668
6663 6507
6229 5842
783 881
7533 7652
7586 7808
4332 4691
7560 7781
4222 4539
6201 5799
5242 4190
2742 2847
6650 6490
7489 7718
6307 5969
6174 6498
5819 6325
7459 7682
4267 4601
5043 3987
6906 7222
5170 4093
6158 5750
4924 1588
2538 2562
6211 5813
4019 4347
6338 4606
6136 5717
2697 1104
7227 7559
7653 7884
5359 5832
7024 7056
7443 7671
3658 4059
5622 4782
6938 7250
7151 7491
6734 6644
4183 5949
6005 6398
4043 4404
3525 1860
7173 7280
6166 5767
4318 2856
5171 4097
4253 2721
6343 6015
3973 2353
7622 7853
7747 7999
7299 7644
3798 2179
6319 5990
6033 6425
322 2132
5073 3935
7570 7789
7679 7957
5496 4540
1088 1115
6627 6890
6336 6008
2558 975
6365 6038
6708 6593
7589 7810
7535 7766
2696 1109
3773 2158
7239 7362
2513 2531
5568 6024
5559 4645
6323 5996
6034 3954
1948 406
3730 2114
7198 7541
3600 1950
4204 1031
6959 6956
6297 5957
3408 1739
5205 4155
5274 2298
3987 4294
6348 6020
6727 6629
1569 1970
5406 4429
687 806
7547 7857
7344 7505
5082 5622
7565 7785
6131 5714
7755 8005
2499 897
5335 4286
6296 5958
7559 7779
4058 2485
5247 4192
5585 4699
3415 1745
7385 7727
7383 7561
3777 4149
5554 4625
5287 4243
117 272
6816 6274
2185 2287
1749 1944
6302 4530
6767 6686
6163 5763
2755 2863
7591 7812
7658 7892
6949 6934
6199 6513
6973 6986
6649 6485
7376 7552
6075 6440
6886 7203
7175 7284
6076 5618
7356 7677
7372 7546
2135 2254
3813 4168
4229 4544
7561 7780
7022 7053
6120 5688
7012 7346
5463 4494
7628 7861
3650 2000
7721 7975
6748 6657
1848 354
6039 5587
5343 4357
3639 4046
7647 7939
7743 7992
6993 7313
4280 1132
7504 7728
6316 5983
7136 7215
6313 6635
6567 6850
6350 7039
1959 2118
3702 2062
4333 2877
2556 2580
1154 1180
5515 5979
7167 7263
7627 7924
6333 6653
2108 2235
6881 6858
6900 6876
4159 2603
5446 4480
2636 1043
6633 6460
7238 7359
7531 7846
6081 5619
6334 6002
7158 7499
7148 7488
6148 5737
2776 1244
6936 7248
6660 6505
7637 7933
7511 7731
4252 4563
5099 5628
3848 4195
6280 5935
1839 2016
6700 6575
7192 7307
7482 7713
7480 7712
7537 7769
6642 6905
7447 7673
6753 6661
7564 7784
7574 7867
7449 7511
5085 3940
7138 7218
5490 4537
7145 7486
6980 7000
6329 6000
6889 6861
6096 3963
6744 6648
5581 4694
6631 6891
7223 7330
1434 1592
7758 8012
4758 3589
3553 1903
6994 7314
5744 3313
7460 7791
7330 7497
6809 6792
7001 7327
7444 7672
1470 3822
7115 7469
7393 7732
5188 4126
7316 7658
6766 7052
3808 2195
6972 6984
7144 7485
5105 3959
5014 5576
7744 7994
7469 7799
2745 2843
7652 7883
6635 6462
6929 6909
7620 7849
1676 1897
7588 7809
6643 6474
2 12
176
3761 1289
1835 179
2755 1942
2660 528
5356 2745
2517 407
6289 3558
2457 1630
7137 4399
6189 3933
7425 4718
7702 4939
3692 3373
3954 1513
2458 1631
6677 3951
7233 4497
6033 3837
7211 4475
5383 3519
1088 556
5573 2942
7572 4813
7017 4298
4260 2897
7012 4292
6950 4236
3813 2629
5553 2919
4246 1848
7003 4282
4240 1843
6650 3453
6312 3590
3415 3282
6679 3950
6225 3498
4181 482
6201 3936
783 1639
6735 4037
2697 554
7175 4636
2726 2925
4047 2771
7560 4874
5243 2644
3702 1230
1203 632
2750 1928
5142 2551
6340 3619
6347 3626
793 379
4267 1874
7373 4659
6161 3897
794 383
2408 1587
5105 2503
7366 4637
7476 4759
3658 2543
691 340
7443 4731
6200 3476
6348 3629
5555 2924
5485 3577
7593 4899
5497 2863
7316 4721
6984 4263
4083 2785
7383 4673
2753 603
6633 3876
7625 4871
7299 4710
6626 4201
7493 4766
7500 4674
6076 3847
6758 4054
6328 4041
7653 4898
6900 4195
6886 4388
7345 4734
4058 2774
5546 2913
7024 4299
4924 2396
7010 4492
7381 4672
3758 2592
7219 4482
7371 4656
7583 4823
6323 2895
1501 895
6675 3949
5579 3646
6956 4240
7649 4821
4285 2922
5568 3636
6949 3946
796 382
7161 4421
7596 4835
6881 4185
6754 4053
7559 4797
6116 3388
6364 3641
7632 4877
6753 4051
6118 3365
7445 4732
7744 4975
2405 1588
7554 4727
6890 4389
7711 4953
5213 2616
4341 1959
3675 2545
4216 1811
7687 4929
6166 3444
7564 4800
2191 1438
5400 3525
7600 4842
7158 4417
7215 4481
6365 3640
6202 3484
6103 3353
7716 4961
6217 3952
7589 4828
7721 4941
6683 3508
7463 4744
4081 2782
5221 3412
7346 4623
7155 4609
5119 2521
6738 4039
5581 2949
7222 4485
7351 4737
6967 4248
7459 4739
7482 4760
7382 4769
6336 2909
6637 3883
6696 4252
6972 4253
7235 4502
6746 3615
7643 4881
6906 4405
7629 4931
7628 4875
7009 4289
2513 1662
6703 3983
7562 4798
6624 3874
7218 4484
6242 3967
2 16
24
2199 1085
5456 2737
7686 3617
2515 265
4170 2185
2562 294
5454 2182
6109 2979
5450 2735
7196 3477
5426 1200
6987 3393
7350 3620
5451 3039
6284 3046
2509 1184
6637 2984
2517 2131
821 263
6116 2631
7696 3649
5483 2760
6925 2991
7685 3661
2 17
64
5207 8185
7545 9813
5024 4991
7677 9900
6722 9399
711 897
7016 9434
7320 9492
6236 8391
2012 4930
6647 8810
6076 8745
7435 9739
2431 3206
5063 5038
6901 9319
7170 9525
3159 1925
3440 4979
705 3204
3496 8114
3894 7322
3657 4722
5051 7134
5066 8659
2420 7484
4952 6899
7424 9614
7152 9341
7629 9873
2021 2245
5073 8110
2722 7745
5086 5049
4157 6004
687 644
2416 5670
2319 7401
3777 7115
7425 9615
691 646
6141 8254
2017 4952
793 856
2280 5558
6922 9120
7459 9656
7136 9714
327 100
3874 5488
4081 7531
2437 3222
4304 6234
7173 9529
4047 5719
7324 9504
2046 5072
2571 5967
7187 9178
5490 8905
3954 8306
6978 9180
6160 8798
5096 9032
2 31
20
957 298
2562 1090
5404 3576
6284 3895
5426 2958
5558 3689
5445 2972
6991 4106
5457 3616
5450 3612
2517 1968
4124 1998
913 274
6116 3502
5458 3618
7696 4575
5454 3614
4766 2644
6987 4105
7196 4370
2 36
31
5066 3197
2517 910
265 2659
5451 2463
6041 2729
7685 3692
940 972
4170 982
4136 953
6633 3257
5404 2436
3854 2354
7686 3659
1834 2201
2076 2309
1836 1389
5426 1813
6994 3322
6284 2874
5447 2465
6648 3422
4213 2895
6925 3083
6991 3316
6624 3255
7196 3457
6130 3056
6906 3503
6987 3312
2137 2357
6116 2796
2 37
44
7152 7126
7425 7627
2017 3560
4160 2483
257 1128
7459 7659
3250 1451
6141 6334
2012 3551
7320 7493
707 2129
5051 3736
2416 4101
5064 5148
691 2107
5473 4415
6647 6840
6152 6349
4137 701
3777 5232
7424 7626
6699 6885
4081 5589
3514 1653
6956 7375
7170 7518
3934 5486
2316 5483
336 1488
2437 4127
794 544
7629 7888
7016 7431
4101 2402
5207 6258
3422 3326
5497 6523
5567 6581
2459 4163
4017 6412
2457 2171
6643 7101
2431 4107
4357 6600
3 8
240
6311 8033
3252 6040
368 3065
2177 5237
3641 6363
6459 8155
7328 8656
2978 5875
3847 6506
3976 6582
1232 4183
1639 4682
5796 7751
1987 5062
6909 8435
3415 6144
6236 7980
5123 7280
1722 2599
1125 4068
461 3248
4259 6772
5375 7420
1820 2698
2043 2984
5202 6361
3413 4519
4061 5190
5277 6427
4866 7123
404 3156
5384 6552
3980 6583
1884 4972
5206 6365
6175 7956
7227 8670
3924 6550
4092 5226
2433 5486
7647 8962
3945 6560
1658 2565
3823 4838
1720 4783
2014 5092
4916 7161
5756 7721
2849 5779
1227 4181
5935 7171
4221 6745
7434 8815
6400 8099
4580 6951
5485 6671
6244 7473
6641 8258
4169 5313
1279 4252
2975 4179
5784 7053
2392 5437
3955 6567
3867 6521
5803 7754
7135 8492
6090 7294
5644 7628
6986 8629
9 11
6722 8327
3013 4226
6408 8105
2951 5856
5391 7431
6312 8035
1728 2604
4069 6636
5483 7482
2254 5296
6141 7358
7343 8666
2976 5872
2944 5844
5471 6660
1943 5024
7064 8572
1954 5036
6607 8228
1908 6539
5370 7408
5250 6401
4094 6653
4593 6966
5362 7401
3845 4899
5773 7732
4590 5860
1959 5039
4181 5336
1855 4952
1823 4912
1920 5006
1666 4731
1739 4798
7353 8673
2979 5876
7667 8987
5914 7842
4356 6851
6496 8183
464 3256
1828 4920
6968 8490
5262 7354
7635 8953
3958 6569
71 2709
7637 8956
2114 5206
1992 5070
1896 4983
5586 7576
5885 8162
2977 4184
1260 2154
6412 8109
5527 7538
5820 7773
5243 7342
6297 6799
5749 7718
455 3244
6274 8001
6987 8506
2959 5859
1734 4799
4115 5253
3665 6359
148 2802
7266 8610
6662 8284
7346 8756
3623 4636
5193 6356
6407 8104
7154 8632
7508 8833
3881 6525
5562 5535
2013 5091
7061 8418
5585 6816
2398 5448
5922 7843
3966 6577
3032 5924
7438 8825
3870 6522
7552 8884
5792 7753
5418 7444
1669 2574
6091 7299
1216 4174
6411 8107
1773 4856
7056 8560
5096 6298
3671 6368
370 3066
5807 7761
4267 5515
3257 6038
1373 4357
6130 7352
4670 7031
7254 8771
7330 8748
3650 6371
4265 6781
4578 5843
1808 4891
7472 8859
3658 4677
2542 5589
808 3762
7382 8709
3923 6551
2391 3511
5731 7692
1212 4170
6300 7573
6363 8064
1785 4849
7069 8575
5201 6344
7573 8928
1606 4621
6970 8491
6679 7556
7142 8623
2714 5695
4924 7165
6792 8384
2950 5852
6742 8337
6497 8186
6125 7350
6097 7917
5155 7296
2491 3658
3852 6509
5139 6329
7630 8951
6973 8342
1225 4182
4304 6812
7385 8713
6655 8280
7228 8576
7144 8625
1382 6002
494 3308
6584 8218
5175 7306
4605 7684
5881 7121
6457 8152
2562 3759
7367 8767
4997 7211
5732 6980
6317 8042
2574 5617
1626 4668
3991 6587
7554 8888
6099 7918
3 13
25
6405 10245
7583 11551
4293 10066
6300 10596
4071 8771
5254 6222
6815 9715
1855 6392
1232 9344
5753 7768
5934 9607
4055 6767
2960 9333
2574 9078
6181 10510
7064 11295
6349 7556
4100 7133
7402 11358
7290 11233
2980 9339
4118 6744
5890 8013
7051 11132
980 4716
3 18
49
5254 3373
7326 4827
7225 4434
7343 4614
7267 4666
4369 516
4634 696
7069 4432
4151 350
2325 343
4883 847
7447 4856
5145 1216
7379 4660
6079 2547
6860 4404
5237 3500
6189 2626
6345 3654
1658 1080
7158 4211
7434 4834
7258 4657
6864 4088
6702 3644
3708 1069
7630 5056
5277 3402
7508 4909
6125 4019
6937 4451
5243 3364
7204 4737
6769 2949
6897 4431
4572 638
7504 4905
7034 4727
6917 4442
6895 4613
6055 3438
6130 3383
2254 351
7109 4656
6774 3731
7266 4662
7146 4197
7355 4753
5471 2702
3 38
31
7508 4006
4132 1182
4267 2244
5096 1882
7326 3993
7251 3796
6514 2473
7266 3807
5210 2746
7204 3943
2254 1173
7447 3957
6345 2972
7504 4041
6935 3633
6719 2974
6864 3582
6897 3614
7554 4080
7069 3616
5360 2072
6327 2967
4293 1275
7434 3996
7355 3880
7255 3799
4369 397
7225 3780
6968 3391
6861 3586
6079 1933
4 9
35
798 1040
961 1158
892 1105
35 294
410 834
149 539
39 72
969 1144
122 500
362 496
891 1032
179 567
772 944
1041 1196
121 495
156 545
592 787
347 925
1011 1164
373 801
137 527
314 738
770 938
649 966
860 1065
37 544
1057 1209
764 757
164 309
349 474
1084 1228
6 462
1045 1185
590 783
767 772
5 8
38
1096 6200
1064 6230
1086 6210
3006 8398
128 6269
1087 6209
1097 6199
2057 7206
2068 7195
2067 7196
132 4564
1099 6195
3036 8535
1084 6213
2052 7210
0 2512
2771 7876
1082 6216
1091 6202
1078 6217
2065 7199
136 4558
2049 7212
1083 6215
2046 7217
138 6196
133 4563
2767 7879
1093 6204
2063 7201
134 4562
2062 6198
2925 8205
1100 7198
3003 8400
2060 7204
143 4554
2768 7878
5 9
90
247 113
1227 640
238 405
241 417
1140 877
174 419
1132 684
1224 650
1181 662
2119 891
1139 687
3015 1131
253 418
1189 637
2826 985
1171 668
251 425
229 391
245 398
211 643
1229 681
2952 1072
1178 646
197 404
257 410
2101 974
2125 887
180 413
220 421
1187 669
254 416
236 393
1218 631
237 644
1193 859
16 110
206 634
1162 682
249 653
1161 869
192 636
1235 666
2124 862
2160 972
2968 1077
1251 635
265 401
2115 880
2145 878
239 385
1219 860
217 394
2104 895
250 397
5 111
1186 857
232 388
233 407
1154 702
3018 1128
1202 858
3017 1122
2943 1080
178 402
167 427
1226 868
1149 639
2822 978
1243 648
1257 629
2979 1063
2094 979
219 632
2147 975
2071 867
3021 1132
2953 1068
2102 894
2133 971
2932 1086
2831 1046
2091 889
210 428
2973 1059
2945 1127
2785 1050
2126 871
3016 1153
2811 995
2086 875
5 10
21
3138 1716
3120 1689
3234 1733
3213 1719
3219 1721
2854 1469
3157 1714
1221 726
3235 1735
3232 1737
3230 1729
3236 1740
1252 957
1212 1216
3240 1742
2099 1218
3045 1647
3136 1701
2806 1232
3024 1605
45 2
7 8
23
5277 6336
6279 7316
3072 4566
6201 7230
5003 6250
6780 7888
6777 7241
5017 6254
5026 6259
4963 6239
6222 6248
5102 6242
6226 7247
5274 6330
6229 7220
5115 6222
6233 7224
5144 6220
6200 7231
6212 7239
5171 7218
4951 6236
6205 7233
7 12
376
6460 3876
5624 3320
7644 4710
7525 4449
5964 1818
7315 4474
6031 2936
7672 4730
7216 4399
7810 4828
7497 4618
5739 3412
2767 1881
6679 4063
4563 2889
6481 3900
4422 2802
4601 1874
7056 4299
6861 3836
2120 1269
7670 4732
7169 4585
7006 4002
7688 4743
7324 4482
7856 4871
2703 1830
6662 4053
2863 1942
7051 4298
7685 4811
7328 4284
6634 3593
5976 2869
6656 3615
2484 2773
2775 558
4616 2917
7031 4039
5951 3567
7551 4485
2001 180
4626 2922
7348 4496
1063 531
5829 3498
6925 4225
7020 4274
881 1639
6950 4240
7541 4655
6668 3630
6012 2921
2679 1814
7931 4877
7561 4673
5944 3558
2604 2824
7268 4236
7547 4659
7320 4478
1740 895
3963 2502
7559 4670
4387 2770
6574 3536
7671 4731
2062 1230
2878 1948
6618 3576
2539 423
7715 4763
5949 2839
7018 4270
2725 1860
7043 4293
6464 3883
3959 2503
6631 4026
4502 1766
7263 4433
7723 4667
886 379
7925 4927
2884 2954
5999 4041
2753 2904
7726 4769
6032 2935
7488 4607
630 1454
2719 1850
5942 2835
6647 3608
2486 1631
900 402
5840 3954
3953 2491
4633 2924
3822 2369
5687 4202
7812 4832
7539 4654
5776 3459
7063 4308
6457 3388
7773 4727
341 179
6669 4054
6022 2930
7657 4718
4487 1749
4510 490
5677 3364
5873 3519
2123 1266
7674 4734
7779 4797
7805 4823
4535 1811
6616 2852
7526 4639
2531 1662
6984 4253
6995 3990
6876 4195
7727 4675
6963 3969
4047 2551
7034 4282
5558 3263
591 249
5807 2738
4438 1705
6885 4404
4195 2660
1104 554
5911 1718
6629 3587
6661 4051
7511 4626
2813 1904
7713 4760
5767 3444
4637 1896
808 340
2113 1261
4682 2943
6621 4024
4691 2948
5992 3604
5969 2864
7709 4759
7536 4264
4595 2900
7053 4296
7336 4288
6008 2909
5996 2895
2140 1285
4249 3474
7693 4637
6490 3453
7560 4672
6860 4184
7822 4849
3788 3276
5779 3925
5698 3365
7000 4262
6487 3907
2463 2769
7707 4754
6038 3640
2676 517
6958 4243
7314 4019
7528 4645
7502 4424
7222 4405
4541 2863
2577 459
7793 4749
6565 3967
5832 2763
6020 3629
6014 3625
7535 4456
6440 3854
1861 1114
6501 3927
6923 4223
4469 462
4168 2629
4059 2543
7505 4429
6010 3619
1166 580
7009 4012
7538 4460
7994 4975
2116 1271
2028 1201
5757 3428
2629 483
7797 4817
7784 4800
2743 2897
6909 4205
6547 3956
7202 4390
7814 4835
7682 4739
7872 4886
2605 471
6524 3949
6416 3832
6476 3889
4458 2814
7340 4490
1115 556
2644 482
2449 1587
2128 203
5625 3328
6645 4038
4149 2601
7873 4818
7876 4821
6019 3626
7892 4848
7256 4217
4408 2779
7648 4711
7322 4481
6633 3590
7542 4656
6399 4181
1730 2388
7254 4421
2127 1281
409 1255
7231 4603
7861 4875
2760 1876
5631 2467
7280 4632
6013 3628
3957 2493
5898 3984
7506 4623
4156 2609
3000 2033
5777 3926
4615 2913
7764 4788
6024 3636
1588 2396
2490 1629
7975 4941
7540 4463
7890 4842
6603 3556
2446 1588
1060 528
4507 487
849 1623
7517 4634
4552 2875
6425 3837
5554 3274
7942 4893
7520 4249
4341 2745
2152 205
6613 3569
7325 4484
7915 4919
6653 4043
6846 4173
6632 3591
1090 1861
7238 4415
6934 3946
2119 2585
5945 2841
7789 4810
6002 3613
6459 4201
7350 4497
7659 4722
7675 4736
5961 3572
2471 1621
5250 3739
5884 3525
2615 476
2711 1843
7781 4874
7499 4417
846 1627
4544 3586
5743 2634
826 1612
6610 2840
2124 200
6023 3635
4308 351
7323 4278
5974 4027
4389 2771
7782 4798
1817 167
7763 4787
6506 3933
7265 4628
2857 1928
7482 4593
7924 4926
6960 3972
4704 2955
939 439
7342 4492
7206 4389
2624 481
5658 3353
6933 4238
7284 4636
6686 4066
7332 4286
4203 2647
5848 3508
6965 4244
6946 3959
7360 4511
5618 3847
5880 3973
6505 3935
4421 2782
4539 2862
3832 2334
4761 2984
7929 4931
2259 1378
4497 484
5755 3430
4694 2949
4558 2877
8031 4995
4154 2599
2145 2592
7642 4785
7996 4961
401 1250
7477 4598
2041 173
6858 4185
7484 4597
6707 3666
7001 3999
6478 3406
6915 3902
3825 2364
7719 4765
7886 4899
6519 3945
7203 4388
2186 2615
6518 3484
5665 3354
7864 4879
6357 3797
7552 4666
6975 4252
7721 4766
7 13
23
5330 6082
6325 9820
5395 8612
6433 9993
7440 11085
6803 9825
4909 5867
5235 8155
6289 6411
3481 6525
7639 11125
6817 8577
6857 10537
7181 10521
7126 10794
5331 8410
6241 9661
6257 9672
3471 6439
6792 10414
5256 8171
5542 8746
7633 11111
7 16
20
5685 3340
7917 3617
7792 3567
2624 1240
5926 3039
6603 3046
5933 2737
6903 2992
2525 1185
7540 3477
7790 3561
6456 3337
5707 3342
6460 3338
6457 2631
7006 3392
7921 3636
6464 2984
341 2462
5858 2128
7 17
18
6621 9399
7657 9615
6474 8237
1965 5026
7003 9183
7280 9529
7321 9193
7484 9492
918 3432
5618 8745
4537 8905
7002 9182
5672 5050
4073 8190
797 632
2929 7746
3859 6937
3828 6899
7 36
45
6460 3257
4493 1847
4459 1825
2624 979
5945 1853
2640 991
7540 3457
7001 3310
7314 3322
2613 972
7942 3671
7006 3311
4445 1815
2629 982
6963 3116
4502 1857
2582 953
5858 1779
341 1390
2001 2202
2577 242
6464 2795
4497 1848
7538 3453
5685 3046
4308 876
6603 2874
6995 3126
2614 976
2391 1763
4422 1790
7536 3313
7921 3694
6505 3096
2621 978
4487 1841
8000 3725
5707 3056
2374 195
2524 224
7706 3534
6457 2796
4095 3045
7535 3452
4218 728
8 13
250
7530 10033
6426 6322
4130 7668
5874 9340
7301 8503
5948 7811
6354 9681
5361 6957
4952 6392
4657 8105
4910 6286
4697 3354
4799 8201
6705 8856
3170 6601
2034 7616
4860 9719
8196 10772
5999 10312
6775 10565
5595 7268
3206 8653
7696 11013
6987 10220
4626 5882
1922 4961
5070 6449
2174 7832
3528 4389
2451 8050
7963 10518
897 6695
7773 10737
4184 9342
6804 10577
7492 9998
8778 11540
7970 10512
3279 6756
4849 8251
2888 8376
5006 6408
7297 8483
2704 3551
7306 8462
5183 6767
2459 8049
3750 4631
5089 8564
6364 6117
4316 9469
8033 10609
3194 4022
1481 1749
8418 11121
6545 8587
8983 11792
2311 7951
3154 6769
7548 10588
8464 11327
6451 9687
7027 9389
3427 4355
8586 11425
8441 11145
7493 10005
8572 11295
5364 6980
7554 10083
4864 6291
7441 9884
8670 11499
4187 7743
4231 7823
7496 10884
3065 6496
7140 10374
3905 7356
6745 10041
3205 4047
5631 7280
5978 9440
6743 10032
4965 8337
6801 10066
3988 9179
2487 3167
904 923
6177 8088
3614 4545
8435 11141
3696 7144
880 818
7330 9860
7189 10386
6109 10369
6728 8941
8962 11769
7328 9688
5296 9960
2735 3616
6522 8563
3605 4494
6433 8369
4896 6347
8012 10589
8700 11445
4488 9586
6768 9016
4843 8234
8469 11181
4873 8272
7601 10940
1215 4240
7573 10596
4627 5873
4183 9344
1208 4238
168 208
6692 8854
7281 9698
4182 5274
8987 11780
7279 8446
6523 8566
7739 10259
6343 6157
7444 9875
504 3844
3682 7113
4045 7588
1892 7478
2885 6418
7299 8452
7692 11006
3699 7151
6662 8801
536 767
8852 11617
7844 10769
8329 11193
4287 7863
2127 7729
3459 6949
663 1098
4876 9724
6986 10703
7505 10015
5877 9339
3756 1811
8357 11028
8284 11146
7980 10850
5226 6749
5237 9902
4474 9575
8340 11215
5403 8897
3904 9116
4339 9483
6324 8199
4916 6290
7358 8519
2200 7856
4792 8191
6851 9094
3018 8430
3722 4582
6612 8768
4655 8169
975 1285
8483 11204
8096 11231
2111 5255
8400 10797
792 924
8829 11642
3059 476
7219 8187
7919 9856
8280 10894
5246 6786
5014 9774
4165 9317
76 3456
4934 9780
8438 11143
7093 10287
2942 6331
6961 7717
8940 11726
7509 10031
8436 11140
3673 7098
1459 1731
5566 7180
5505 7182
8506 11230
8941 11731
1660 4615
5360 8871
8220 10487
7978 10873
6144 9606
617 1094
7287 8454
6098 10760
7473 9904
8049 10614
5243 6789
6794 10567
7325 8538
6711 8905
4332 9479
5339 6900
1932 7537
4174 2629
7171 9608
7202 9634
8399 10785
7419 10469
7586 9071
7300 8463
7312 8487
8563 11293
1225 4244
8412 10845
3951 7412
6409 6175
2057 5176
5552 8979
7446 9950
491 948
6536 10466
7999 10555
7846 10379
5345 8748
8065 11202
7340 6350
8222 10493
7440 9947
5421 9977
1378 1659
6310 9639
8821 11690
1114 1380
3221 6630
7537 10060
6707 8867
9 11
19
543 370
475 472
496 279
764 485
758 468
1157 649
918 590
925 585
1141 651
1177 672
466 471
791 514
916 478
919 480
1022 623
1021 622
495 583
774 581
769 488
10 12
63
1384 3018
1262 3708
1234 3683
892 3030
1669 4691
834 2048
793 3010
1548 4096
792 3011
1545 4097
909 3045
785 3008
836 3031
1037 3026
1446 4103
1019 3028
1260 3023
749 3006
1551 3686
1543 3701
1469 4101
1501 3688
1271 3034
1295 3691
1258 3689
1399 3047
906 3051
1105 3025
1087 3017
1077 3020
1537 4099
1530 4100
1113 3048
1404 3685
1317 3050
1407 3709
772 3012
289 2047
1358 3036
1242 3690
1133 3015
1344 3039
1021 3049
1299 3033
1350 3707
1479 3692
1701 4778
1143 3009
1141 3007
1735 4859
1334 3027
1656 4685
1418 3702
890 3035
1415 3684
1416 3687
1369 3697
1417 3693
1333 3703
1256 3704
1253 3695
1699 4780
1146 3013
10 14
92
1594 980
1483 919
1454 927
921 281
1272 793
146 287
1183 799
1562 987
1504 908
1623 1012
1637 1049
1662 1050
1311 782
1207 792
439 288
937 584
1451 931
1270 775
1532 935
160 292
1214 781
870 582
1205 604
1493 933
1220 780
1567 988
1315 773
175 286
391 577
1455 916
1600 989
920 599
1472 930
1576 990
158 280
727 598
992 590
825 600
223 284
1170 796
1213 786
1212 783
729 593
1307 777
151 274
1437 911
1514 926
1222 772
931 592
912 595
1266 601
1276 788
1577 985
232 276
1587 984
918 607
1636 1073
1476 924
215 282
1466 940
737 589
1517 906
272 275
819 580
1496 928
743 579
953 591
1249 784
1219 778
1522 903
914 790
1625 1048
1243 608
1338 766
880 586
1499 921
1450 798
821 585
1233 770
1486 910
1478 939
1491 800
1515 918
1505 913
1186 785
1198 795
1521 802
993 774
991 588
1294 803
539 578
944 787
12 16
28
3935 3368
483 2185
4279 3540
2860 3059
3883 2984
407 2131
4002 3392
486 1246
3556 3046
4756 3572
3387 2630
4929 3636
4012 3397
1801 2229
4005 3226
3549 3041
4465 3478
1766 2743
1686 2723
481 1240
4937 3650
4890 3628
1495 2668
4257 3387
4961 3669
3992 3222
4663 3581
4658 3536
12 36
45
1495 2400
407 910
4777 3487
3556 2874
2813 1800
4264 3313
1686 2450
480 1847
3549 2869
1718 1827
4002 3311
4744 3623
4465 3458
4756 3596
1800 2488
453 945
1695 1801
487 988
4460 3453
3969 3116
3574 2888
1801 1872
4456 3452
4012 3316
488 991
180 2202
1749 1841
1220 2207
4658 3598
4686 3359
179 1390
3935 3096
1219 2201
4048 3468
3876 3257
4257 3120
1766 1857
4893 3671
4937 3700
1736 1838
351 876
4005 3136
476 977
3992 3307
2550 2668
15 16
26
2217 2321
1858 2312
2209 2837
1857 2310
2199 3091
1859 2318
1850 2305
2214 2840
2220 2324
1861 2323
1843 2304
2205 2832
2207 2834
2213 2839
2219 2842
2208 2835
2206 2833
2204 2830
1840 2303
1855 2309
2216 2841
2212 2838
2201 2827
2489 3613
1856 2836
2202 2829
15 17
18
2051 7849
2032 7858
2264 7855
1398 6414
2293 8627
393 6410
419 6411
1392 6415
1403 6413
2269 7852
2342 8629
1961 6418
397 4141
2341 9004
1383 6416
2349 9005
1970 7853
1360 6419
15 18
66
1159 3121
1140 3137
1142 3135
1148 3131
1183 3099
272 2127
1949 3828
258 2149
270 2129
259 2148
261 2141
1160 3119
273 2126
1192 3832
1134 3140
1171 3111
1136 3139
21 984
1180 3102
1163 2131
280 3082
1916 3862
1173 3108
1145 3133
1921 3858
1914 3863
1886 3895
1122 3155
277 2125
1121 3156
1167 3114
269 2130
260 2147
1901 3877
1197 3087
1151 3129
1139 2145
1885 3898
246 2171
1870 3165
268 2135
248 986
1187 3096
1162 3118
264 2139
1908 3869
263 2140
1893 3887
1166 3116
1155 2134
1201 3826
1104 3172
1938 3841
256 2150
247 2170
1132 3142
1899 3880
1196 3088
1188 3093
1884 3897
1168 3113
1105 3168
274 3104
2321 4556
1868 3166
1156 3124
15 35
26
2241 1583
2497 1802
2404 1711
2478 1789
2489 1796
2474 1786
2487 1792
2495 1800
2488 1793
2343 1668
2085 1464
1461 991
2300 1641
2477 1788
2355 1679
2201 1553
1530 1051
1890 1283
2479 1790
2482 1791
1529 1048
2475 1787
1460 996
1377 942
2183 1547
2082 993
16 21
111
3359 2938
291 1583
330 1628
3484 3048
2149 2252
2741 2667
247 248
2719 2249
2142 2242
1244 1615
1955 2087
1256 1621
3566 3117
3046 2798
2783 2881
2189 1616
1211 1589
1231 975
281 285
2713 2237
2170 2270
3045 2663
1240 984
2722 2257
2735 2278
2520 2740
2140 2246
2676 2772
2118 2228
2234 2298
2196 1620
2740 2661
3397 2873
3432 2976
3650 3177
1248 996
3563 3115
2710 2632
993 1375
3368 2942
1253 2283
2764 2810
315 987
288 294
1138 209
2991 2150
3041 2787
2759 2806
2185 1614
794 459
1166 1559
2188 1618
2066 1493
245 246
3392 2866
3477 2953
3049 2669
1304 2687
3038 2657
3628 3152
1100 785
155 754
275 948
230 880
2128 1552
1079 768
1208 951
3665 3184
1205 945
3505 3070
3631 3156
3627 3138
3220 2865
2197 1624
3387 2860
153 758
3584 3111
3394 2951
2131 1561
293 965
1085 767
3050 2674
2164 1587
273 282
1241 1609
3360 2939
3226 2797
1594 1811
1234 2271
3176 2823
1200 1586
1185 925
1167 1548
3516 3077
3399 3039
2984 2754
758 592
1177 920
2603 2745
2732 2262
3617 3144
2228 2681
2668 2615
310 1604
2004 2116
2791 2696
2630 2591
3082 2814
2229 2683
3536 3103
3567 3121
16 26
34
2131 726
1079 581
991 1285
1211 2650
277 157
2197 2674
3477 3294
245 682
2185 2367
2189 2669
1208 2336
2170 2657
3627 3342
1210 2652
1085 1547
2984 2780
3226 3188
1243 2668
2630 2774
3009 3023
3397 3252
3393 3185
247 2298
2715 2825
153 574
1249 2370
3046 2854
3563 3338
3530 3320
2118 2631
3220 3178
3584 3306
2735 2846
2668 2244
16 31
105
2512 3771
3478 4467
2610 3489
1354 2147
3584 4488
273 1064
2185 2044
2197 2993
285 1076
1206 2956
2196 2056
3220 4091
1080 118
2189 2988
167 859
1211 2959
3484 4470
1248 1131
2128 2929
2986 3815
3239 4261
155 107
1255 2057
2131 1968
3354 4042
3036 3874
3359 4224
1232 3607
2188 2990
2715 3571
3665 4622
3046 3895
1020 1726
2749 3628
2739 3618
2881 3338
1200 2958
2719 3572
3477 4370
1208 2014
3394 4368
283 1075
280 1996
3082 3688
1205 2006
3392 4104
275 260
1210 2011
2164 2000
3650 4605
294 1090
3567 4537
3470 4453
3397 4106
2478 3332
3663 4595
2742 3622
1254 2055
2066 1861
3176 4005
2630 3501
3041 4094
2722 1991
1166 1026
1244 2046
3617 4565
2182 3614
1240 2039
3225 4246
245 996
2488 3356
3536 4505
2142 3570
2118 2922
2149 3575
3368 4064
2736 3616
1987 2794
1321 1206
271 1062
2225 3632
3038 2977
272 259
324 2061
2146 1988
309 1118
2735 3612
794 422
288 1085
1241 2040
3537 4506
3202 3849
322 1139
1266 2071
3508 4327
1929 1582
1223 3603
247 999
2723 2945
2668 2893
3179 4024
1177 1032
1059 812
3175 4014
3595 4536
16 34
20
3193 1630
1995 2162
2013 1907
2245 1303
2160 2258
3060 2373
2138 2253
2237 1291
2543 2165
3059 2374
3219 2462
2108 2243
3006 2335
3356 2487
3517 2517
3019 2237
2949 1865
3615 2591
2744 2362
3385 2499
16 36
231
3048 2471
971 707
2715 2430
2952 2729
3209 3113
3632 3678
2229 1872
3054 2479
3394 3313
1059 139
2719 2438
2146 918
3391 3307
777 39
2722 2445
3650 3700
3570 3589
3536 3598
1255 993
3617 3659
288 245
2758 2487
2513 2237
221 189
2190 1854
280 238
2503 1425
3578 3643
1200 1813
3531 3593
1221 958
2189 1853
3392 3311
3628 3670
3597 3633
794 52
1357 1062
2228 2488
1079 143
2164 1815
1141 871
1248 988
285 241
3572 3596
2021 779
3127 2668
2759 2890
3399 3319
1076 820
3478 3458
1849 1458
2149 1785
2197 1859
976 708
3549 3504
3058 2891
3596 3630
1832 524
3041 2869
1253 992
2118 1763
1208 947
242 896
341 1016
3345 3263
245 206
3406 3332
275 237
2235 2490
2065 825
3046 2874
2633 1643
1231 972
799 538
3636 3694
3343 3262
3368 3096
3231 3139
2959 2731
1961 1568
3202 2842
3219 3303
2128 1779
2993 1681
2173 2468
2740 2876
779 523
3050 2881
1121 849
3484 3463
1205 945
3637 3693
1884 703
2764 2892
1178 221
3533 3535
3038 2462
3220 3126
1196 1807
1359 1066
3397 3316
2984 2795
3538 3540
3470 3527
2596 1608
3056 3144
3537 3539
2196 1858
2510 2228
3250 3169
2710 2849
2131 910
3257 3175
3507 3408
1956 1566
3398 3454
3618 3661
2150 1787
3461 3282
2796 2930
3245 3154
3627 3632
1142 870
3212 3116
279 240
2624 1629
3662 3712
2116 873
3600 3672
2512 2235
3631 3702
1257 994
3043 3129
1887 1562
236 199
2983 2798
3458 3420
3256 3174
2749 2478
1846 531
51 46
1836 2234
2668 2400
2623 2373
3585 3621
1280 1867
2492 1448
3672 3725
3358 3280
3187 3075
3226 3136
1265 1000
56 45
3342 3056
1860 2265
3560 3521
3191 2827
3598 3639
2732 2458
284 242
3338 3257
1240 979
294 249
3639 3695
2488 2243
3077 2526
3242 3155
3574 3536
3630 3673
3664 3716
2674 2824
2475 1412
2875 2201
3591 3582
2729 1808
1275 1005
3169 2717
3483 3541
3340 3046
2631 2796
3066 2494
3508 3409
3579 3644
2756 2489
1234 1839
2795 1938
1031 780
3355 3274
2714 2854
3475 3450
2170 1833
1347 1056
1888 1564
3606 3648
3677 3742
3605 3604
3002 2830
1203 1809
3561 3625
1758 474
2098 1752
2185 982
1173 900
3509 3411
3674 3728
2158 934
3658 3708
2706 2848
2019 1678
3061 3149
1833 1432
3477 3457
3489 3468
3253 2922
1853 653
842 711
2735 1838
3474 3533
2878 2696
1241 978
3665 3718
2004 1607
3524 3585
3197 3284
3180 3070
1350 293
3385 3445
3668 3724
3690 3745
3006 3091
2574 1597
17 18
22
8626 4291
6426 3223
6449 3197
6440 3235
6442 3240
8636 4336
8645 4341
7864 3941
7861 3933
6431 3227
8635 4329
7867 3946
6437 3238
4159 2270
7876 3257
6448 3244
7865 3944
7872 3947
7874 3949
6425 3222
9014 4328
9013 4564
17 22
117
9860 9586
8578 8708
5598 5609
4425 6576
8279 8139
5524 699
3815 6144
7394 7324
4666 4590
6218 7641
3832 3942
3088 5601
471 749
4469 4398
5580 5587
8087 7940
5593 5605
5564 5562
1446 3931
8125 7978
445 3005
555 3124
4454 4449
6021 7514
4652 4579
3084 3113
1815 1858
6546 7808
4461 4450
1527 1636
475 754
4686 4616
8369 8616
6993 6831
8819 8593
3827 3937
4690 1966
1519 1623
9813 9513
8114 7965
2030 4689
6201 6139
8406 8626
568 3136
5558 7317
3053 3068
3848 3954
5584 7331
4734 4695
257 2722
6955 6755
8588 8718
3148 5661
6209 6156
8027 8472
9430 9287
8307 8591
3818 6148
5557 5558
6236 6179
9620 9336
2825 2835
4539 4486
5957 7476
5601 5621
3808 3917
4895 4940
548 799
9191 8929
3093 5607
338 2823
6213 7637
7401 8180
1463 3944
6224 6166
9614 9333
8745 8807
8251 8125
8227 8097
7726 3940
2067 2108
5964 5909
4752 6840
3030 5543
1975 1946
8297 8174
9504 9216
4697 4647
4713 4657
1734 1740
8541 8329
9026 8991
9656 9462
6763 6562
6899 6711
2009 2003
6958 6785
477 3043
604 3188
9766 9469
496 3061
8848 8895
3903 6195
6205 6151
3885 3988
4946 4979
1774 1795
4671 4614
9032 8995
8660 8396
8438 8638
7748 7653
6217 6165
5090 5118
7968 7843
9610 9433
8827 8596
17 32
109
9237 8996
4671 4949
5558 5730
4666 4879
9357 9207
1527 4206
7732 7744
5584 5750
5597 5758
6955 6959
6218 7742
3273 8344
3815 6299
6245 6304
5581 5753
445 727
3009 3291
5601 5767
3844 4189
6199 6296
5564 5726
9614 9624
7735 8516
8251 7317
1519 4204
3093 5755
3848 4192
5418 5664
9191 8932
6958 5038
3057 3333
555 823
3088 3379
3031 3328
3812 6295
6254 7757
3818 6305
3827 4171
3813 6300
477 783
8595 8549
9610 9750
4652 4924
6220 7745
8279 7352
4697 4978
6993 6999
7401 7396
9813 9810
3884 6343
8745 8753
9430 9575
3053 3323
5557 5725
6236 6333
3008 3290
1446 4164
3869 6330
6908 4957
3808 4155
8988 9002
7748 7753
8824 9181
6978 5056
9244 9473
8578 8528
6054 8451
3105 5774
3814 6293
2998 5701
6201 6289
1463 4180
550 834
568 840
9619 9628
3148 5805
6945 4891
8591 8544
8111 8743
7991 7044
3829 6313
7615 8400
455 769
9766 9687
9654 9671
6928 2609
6213 6315
1854 2006
9319 9365
6224 6321
6899 4955
4656 2182
3091 5765
1975 2139
2030 4958
8125 7003
4713 2243
7751 7736
6216 6323
475 797
8027 8691
9096 9162
9656 9676
9353 9185
469 796
1815 1999
7724 8512
2009 2235
604 3450
17 36
56
8140 2260
8133 2713
9028 2979
6763 2188
9600 3501
8676 2971
7914 2605
7953 2622
8032 2667
7014 2239
9459 3502
6716 2620
6654 2164
6687 2162
7007 2712
4265 1187
7942 2968
9478 3412
9050 3405
7968 2624
8135 2722
7960 2614
4311 1290
8658 2978
8743 3054
1750 355
8028 3015
8130 2719
4284 1270
1752 1278
6691 2618
6848 2212
6578 2133
1807 425
9032 3400
4828 1479
6810 2206
6628 2615
6717 2177
9275 3497
8005 2627
9292 3406
7932 2155
6584 2104
8136 2253
4419 2181
8715 3044
8117 2236
8051 2665
4458 1357
8660 2621
7918 2610
9288 3256
4271 1199
7944 2966
6737 2178
17 37
1256
9560 7557
7245 3894
8384 5605
6415 2883
685 2131
9832 7844
4917 3545
7473 5559
8875 6480
7479 4200
6684 3235
2296 162
7493 4205
9012 6681
9015 7003
5336 3831
6426 2935
8170 6765
5051 3658
3762 878
8404 6458
7915 4889
8721 6203
8914 6519
8871 5639
7708 5791
4941 5230
8919 6524
9906 7916
5310 1774
5054 3660
8698 6723
9824 7835
7608 4356
4465 4917
1648 2819
9411 7420
7625 4384
6490 4855
6791 3372
9406 7411
9113 7111
413 1908
4363 1215
4682 3477
9822 7833
5841 4262
6710 3263
7463 5527
5767 4228
8866 6466
6584 4716
8916 6521
8341 6414
8911 6941
8779 6822
8958 6964
9760 7757
6667 3197
7623 5662
3989 2814
9503 7506
8941 6542
9078 6793
9656 7659
4371 1146
8327 6408
5722 2228
9595 7456
6047 2548
730 493
9200 7201
6002 2476
5619 2097
9442 7588
7485 5541
9388 7395
7679 5730
8765 6797
8548 6965
9622 7630
7292 5425
4602 1280
3530 2500
2147 1392
2590 248
5005 3600
4702 3503
9706 7593
9563 7559
4960 3533
5861 2374
7758 5843
4948 3526
5691 2179
402 312
8375 5595
8304 6382
4510 3082
5253 231
9654 7654
9900 7910
3522 2489
2074 3304
2191 3530
8877 6919
4697 3256
2348 1668
9809 7819
9434 7431
8429 5653
6338 4642
8180 6252
8835 6861
8844 7140
6442 2979
3632 2606
752 2168
7747 5836
9815 7822
7998 5112
9774 7769
9561 7560
9341 7126
2936 1900
9784 7777
6881 3411
6994 5101
9310 7472
2161 3484
8303 6378
8283 6353
8335 6411
8711 6209
9362 7147
1642 1040
9860 7876
7562 4303
5678 4126
9711 7606
5488 3977
7470 5537
9360 7526
5156 1683
7991 5016
8297 6373
1975 1167
8731 6733
9496 7346
5015 3739
9407 7192
7502 4226
9798 7795
9759 7756
9437 7230
6480 4692
3204 2113
4212 1106
2122 1338
5747 2251
9395 7400
9534 7529
4463 1236
6729 3166
9421 7576
9456 7285
9214 6949
3346 596
401 311
677 2130
6356 2826
5967 4376
3918 2784
9427 7427
7540 4289
6906 3403
9227 7240
6453 2959
4842 3453
654 427
9528 7376
9242 7262
5997 4395
4695 1421
5780 4236
4959 5215
8176 6246
5369 5381
9908 7893
7722 4532
4930 3551
8748 6242
4165 2884
7655 5687
5512 3983
7584 4335
963 2398
1936 1313
9818 7828
9653 7519
5853 2369
8969 6969
3524 2494
7050 5142
1069 739
2925 1901
5278 3780
1857 43
9366 7383
5815 2275
3221 2132
9615 7627
9130 7129
9862 7878
6010 2490
9742 7743
8812 6357
9689 7697
8542 6572
8331 5516
9005 7001
7663 5704
4250 4733
8381 5599
3761 2711
5490 3979
9793 7793
8411 6463
6812 3305
9914 7896
5415 1896
9564 7562
7659 2541
5750 4163
9439 7583
8172 6232
7888 6025
5679 4117
7183 3833
9204 6938
6794 3363
9424 7577
1920 3079
6885 4952
8113 6747
4628 1414
9191 7182
8636 4847
9387 7394
5379 1868
9619 7490
7459 6416
9412 7421
9372 7543
8714 6223
9790 7707
5920 4333
8423 5646
6286 4597
7671 5718
6429 2911
4792 3313
8777 6323
4660 3250
8807 6833
3292 2272
5478 5435
6992 5133
8549 6579
3142 434
9250 7257
9773 7767
6872 3359
6440 2977
1860 1305
6655 3195
5748 540
8509 6958
7533 4271
8349 6862
9369 7540
8906 6514
3152 2053
9549 7545
7763 6588
6990 5042
8744 6750
7397 5483
8412 4327
1932 59
7307 5396
7296 6325
1895 3063
8441 6916
9634 7350
7967 4950
2391 3652
3147 2058
7894 4833
9919 7931
6811 3395
9401 7409
6555 4719
8298 6846
7042 5128
2335 173
2142 1381
6792 3284
8184 5324
8185 6258
2041 3240
8353 6430
7399 6380
8543 5786
7523 4260
9666 7675
9854 7804
8446 6490
1517 978
7179 5257
9611 7621
7432 5511
5072 3636
8556 5801
3225 2154
6648 3169
8890 6926
665 2136
5837 2350
7477 2230
6185 5802
2291 1635
8862 6901
9259 7015
7704 4499
7117 6257
8623 5901
2120 3406
3659 827
3197 2106
3236 526
8695 6175
8483 5709
9732 7636
7905 6047
9027 6701
7534 6447
5709 2214
50 29
9953 7962
2591 1818
3222 4127
3272 4168
850 542
8631 5968
9391 7174
6021 5674
7219 3855
5299 1825
9143 7135
9542 7541
1977 1400
8019 5037
6889 5117
9335 7117
9267 7277
8632 6661
9766 7765
5461 3913
9814 7824
7016 5080
8367 5579
5584 4035
9481 7486
9436 7580
8897 6511
8422 4345
8667 6721
7103 5285
9079 6791
6348 2812
7255 3903
9409 7417
6806 3303
8838 6868
8757 6781
8211 6795
7710 6564
4220 3043
9677 7685
7556 4302
8796 6821
8902 6934
106 113
6933 3508
8360 6876
6615 4802
6955 5014
8501 6551
6832 3307
7940 4915
4691 5030
9559 7555
3093 2012
7610 4366
6240 4579
5669 4100
2379 185
6416 4686
8389 5613
3498 707
8932 6535
5887 4316
8581 6599
8804 7107
7898 5952
7456 4158
8265 6825
2078 119
7283 6315
5004 1630
4207 3014
5510 3985
2133 80
8641 6016
4815 3419
2166 3494
8707 6184
7881 4776
3618 4467
477 1970
7526 5581
7438 5517
7453 5524
8306 6375
3430 2394
7893 4763
2341 1661
9803 7808
8344 6866
3206 4107
5052 3603
2148 3464
3537 734
456 1958
4040 2834
9831 7841
7857 4703
8059 5127
6418 2889
3946 4605
8305 6384
8109 6164
7530 4267
9484 7495
6354 5909
5797 4204
7505 5587
5890 4319
8421 5644
6701 3136
8354 6425
8879 7177
9728 7628
2343 1542
2262 164
7795 6607
8817 6852
8604 5881
9782 7773
7569 4314
6639 3149
5789 2289
5707 4143
5844 2355
6959 5095
8294 6367
8254 6334
7448 4156
5768 4222
9959 7967
5688 2177
807 519
6722 3277
8257 5418
4683 1378
9318 7094
7202 3852
9168 7158
5247 3888
5727 531
9843 7853
9557 7554
6501 2971
7436 4118
6360 2825
5288 3890
6551 3026
644 2099
2017 8
8061 5150
9536 7385
8214 6796
6941 6101
1106 756
5765 4225
9657 7661
9610 7732
8383 5604
6546 4757
150 172
8334 6410
8395 4280
5215 3802
7585 5638
4951 3559
7866 4738
4565 1260
5905 2392
8311 6387
9398 7404
9724 7729
5564 4015
4763 3268
3287 4180
2222 3553
4834 3426
4161 2927
9223 7234
8649 6646
2390 1574
8240 6815
188 154
8464 6505
8627 5935
4718 1443
3256 2237
647 419
3508 715
9445 7595
3771 2717
9282 7287
9356 7522
8727 6221
3155 2086
4915 3666
3211 2119
9052 6759
7805 5857
6938 5048
9884 7899
9185 7178
3314 2297
9088 6792
9350 7359
5598 4042
9770 7766
7596 5643
3603 2581
7057 5159
4743 3223
8280 6349
4938 3590
555 368
5659 4109
7520 4248
9394 7398
5003 1621
8589 5844
3348 593
7944 6662
2435 1555
8747 7060
7129 3637
7466 6417
1505 2760
5796 2304
8011 6076
5686 2174
4836 3422
3389 632
9174 7164
4007 1016
8190 6272
9216 6950
4909 1564
2136 3441
8093 6240
2893 1848
2438 1594
3465 2433
4531 3280
5148 3742
6179 2681
9111 7103
9148 6881
975 2412
8597 4612
3931 2791
4622 1347
102 104
4451 6072
6414 4674
2011 1444
7564 5628
6900 5001
7860 4731
5715 4147
5710 2208
4178 1102
7060 5262
8865 6905
8816 6848
8248 6343
4421 1199
7280 3874
8735 6755
8758 6285
3377 4245
2930 3955
7702 5777
475 345
8872 6470
2183 1434
9377 7166
8979 6974
6014 4404
6963 3353
4756 3332
8868 6467
5820 2330
9155 7152
4445 3335
4899 3524
6744 3310
9629 7510
8666 6074
7635 4402
5702 4179
4704 3216
9648 7647
3726 4496
7152 3789
9745 7839
7873 4769
8573 6593
7478 4191
4328 3017
9149 7145
9529 7527
3488 701
4448 1284
9850 7787
2320 171
7626 4386
551 363
818 2219
2905 3926
1876 3097
9232 6968
8921 6945
9208 7206
7258 6309
8225 6322
8611 6611
7969 5043
9234 7251
7276 6331
3464 686
5885 4313
3189 2093
7553 4298
2141 3460
103 1472
7640 4408
7359 6361
8469 6510
7868 5978
8373 6880
6076 5714
7390 5481
2195 1447
7974 5051
9165 7162
9451 7450
7018 5089
8752 6786
9686 7570
2377 1531
6452 2957
9239 6973
8251 6333
2336 1550
8187 6259
7109 6270
8437 6483
3951 2795
9911 7924
3750 4522
9457 7452
7796 6606
5030 1653
5742 2253
1768 1189
6329 4638
9663 7536
9211 6947
9073 7067
3201 2122
2596 251
8861 6460
3760 4534
7933 5975
8963 6562
4518 4914
9735 7740
7240 3898
8507 6553
7593 4342
9274 7294
637 406
100 1458
4877 3669
702 451
7518 5597
7897 5948
4793 1516
7637 4406
9583 7587
7115 5232
6887 1353
9210 7209
8340 6413
9294 7064
4921 3546
4638 1321
7302 5390
6306 4613
7755 4551
7494 4201
5557 4013
8726 6233
8950 6549
5047 3627
4830 3416
9588 7599
8583 6603
7467 6424
6025 2510
9696 7709
1899 1272
7250 5412
3290 4188
2950 1926
5065 1700
5244 3886
8722 6725
8761 6295
7372 5454
7210 1762
5991 2470
9172 7163
9295 7070
3392 4273
9357 7374
5723 2225
4454 3071
7099 5223
9471 7296
7444 5520
9917 7898
9517 7515
3671 831
9322 7329
3087 2027
8386 6889
2145 1385
6435 2916
8936 6539
9556 7550
7902 4790
9351 7364
7622 5660
3203 2112
9320 7325
9137 7367
4201 3022
5057 3620
4620 3114
9879 7895
4928 3602
6771 3343
9890 7859
566 373
2620 258
8699 6713
7128 3755
8179 6769
2239 1480
2515 1608
2194 3592
9364 7381
3089 2008
9283 7058
7641 4410
8931 6533
9144 7371
8855 6451
9863 7883
9095 6812
8396 5619
5592 2026
8857 7148
646 2107
5760 5550
8523 5763
9105 6828
9627 7737
5418 3921
9365 7382
8774 6313
8371 6433
6439 2921
3574 4433
2175 3506
7528 4265
9680 7687
2637 263
9524 7520
2881 1892
8511 5750
2599 252
4539 3086
8403 5626
9499 7110
8198 6271
9277 7281
9848 7906
9626 7633
9383 7393
7850 5940
9652 7649
5282 3786
6522 4850
4878 3500
9402 7566
9453 7279
7977 5074
9455 7457
4988 3593
3193 441
8609 6623
6432 2912
9758 7755
9122 7120
8380 6886
7468 4186
5802 5574
9359 7375
5734 5536
5601 4045
680 2129
7815 5904
6320 4631
3270 2254
7088 6220
2356 1529
7954 6050
9777 7677
9573 7573
4859 3462
8279 6351
7441 4148
8418 5642
153 134
1052 731
3108 2020
9669 7680
5736 4153
9408 7413
8351 6420
5494 3964
8822 6392
7709 4505
6928 1430
5893 650
9601 7612
9258 7014
7621 4381
6250 4581
6135 4500
5689 2182
7531 5589
8068 3469
8834 6421
8776 6317
7154 5269
7812 4628
8782 6818
7524 4256
6092 5736
8410 5630
8810 6840
8443 6486
2613 260
9739 7744
8928 6532
9643 7646
5918 2416
9181 6912
6997 5061
6825 3391
6945 4998
8397 5621
9763 7660
878 599
3940 4600
9126 7124
9778 7678
4265 2900
9873 7888
8365 5572
8864 6462
16 1125
2971 3969
749 2175
8608 5884
6641 3165
7130 5240
4692 3167
4772 5123
2220 1470
5889 5627
7097 5194
3383 2340
8151 6218
8129 6163
9571 7422
5305 5354
5831 4277
9131 7357
8851 6446
4381 1238
5033 1659
8285 6841
9193 6928
9969 7975
9700 7714
6750 3300
7041 6174
5945 2437
8259 6320
7753 5839
9623 7345
9584 7589
8336 6415
9525 7518
3435 4326
3176 2098
9541 7538
5729 4195
9220 6959
8786 6339
4662 3156
3458 682
8912 6942
8852 6885
8435 6481
6424 2923
5681 2176
3628 788
5922 2417
8242 5417
9720 7727
5917 4329
4162 2931
7705 6556
5731 4190
9363 7156
1771 1105
2819 1847
9205 7198
2781 1775
1797 23
9840 7849
2281 1644
8215 6292
7612 4369
9718 7619
9475 7478
9317 7093
2653 1777
4802 3358
8388 5609
3104 4047
5102 3793
8362 6874
6441 4679
5960 4372
4177 1101
2344 1519
1152 2607
8161 6225
9603 7471
4331 3016
5823 2333
5738 4169
4861 3454
5862 2375
6364 2823
8971 6970
8679 6700
3220 2125
9307 7076
4361 1180
8601 5876
8416 5640
9102 7100
7112 1619
4895 3581
120 1482
2174 3519
8951 6550
7136 6260
9807 7815
5001 3639
7236 6304
9533 7663
8755 6773
8430 6475
6831 3398
9396 7401
8525 6560
5166 3688
5725 4150
3432 2401
5045 3614
3608 4454
4356 3023
5661 4111
6260 2738
6151 5764
9725 7733
7678 4463
624 403
3279 2257
9420 7426
7654 5693
8193 6265
6995 5049
3213 4128
9690 7702
9218 6954
9820 7826
5605 4048
9504 7508
5476 3952
2404 1553
4985 3632
2561 1701
3368 4241
9606 7730
9326 7333
8270 6336
8846 6432
8042 6102
9707 7719
9816 7747
4966 3575
6146 2640
6475 4841
9769 7665
9422 7217
6464 4788
7861 5979
6015 2492
7508 4233
5719 4149
8881 6491
3044 1965
474 343
5026 1649
8378 5593
7198 3835
4523 3069
3990 2815
7535 4274
3366 2288
5017 3649
4919 3659
8961 6558
9886 7902
9958 7948
9599 7608
9722 7625
6462 2972
3274 2263
8923 6529
9893 7935
8768 7083
5559 4014
7538 6450
9942 7947
9614 7626
4368 3032
5912 2407
6362 2820
8366 5578
9589 7600
5092 6274
9647 7751
6874 5161
3217 499
925 2354
8991 6596
4927 5213
8394 6456
7157 5256
9096 7098
9110 7113
8062 6728
9492 7493
8783 6813
3979 2802
3305 2232
764 2185
4785 5110
6428 4718
7972 6054
8506 6957
9607 7616
6313 4625
1637 1031
9752 7754
9841 7850
5990 4388
9633 7642
7817 6627
8480 6525
5269 3815
708 477
9128 7353
5671 4115
8870 6908
9749 7651
6570 4732
3239 522
5713 2211
4652 3174
2722 3849
9319 7330
9329 7334
5850 634
7274 6311
4444 1230
9889 7858
9512 7352
9703 7717
7226 3879
4379 1148
9936 7942
9502 7503
8949 6951
8588 6600
2698 1744
8894 7186
8312 6389
4832 1349
4991 3725
8798 7106
9765 7764
9152 7377
3759 2708
5124 3674
8818 6383
4537 4938
621 400
4316 3013
2709 3826
2476 3689
9636 7639
7304 5393
9384 7552
7942 6659
4406 3184
4882 3507
7320 6348
8355 6872
9345 7356
8204 5286
9751 7753
6961 6138
4962 3567
1033 2455
4268 2968
5819 4269
8227 5361
8087 6142
9447 7254
9574 7574
7004 3321
9342 7355
9297 7072
7711 5762
5758 551
4728 3199
8035 6716
8074 5168
2422 3654
9604 7483
9482 7496
4358 3127
8746 6204
3388 4264
3233 4140
3167 2076
9454 7449
5540 5461
9628 7513
5759 2262
9393 7173
4291 2983
4447 3030
9509 7348
9674 7681
6857 5108
8077 6107
7401 5484
7496 5567
9085 7322
3180 2100
4713 5077
6636 6042
7864 6000
9255 7268
7605 4352
2611 1734
2009 1222
8142 6181
9228 7244
7514 5569
9852 7861
9823 7750
9298 7297
2533 3745
7087 6219
9034 7024
6827 6115
9590 7436
9300 7298
9375 7390
9812 7735
3172 4086
9268 7278
8055 6092
8376 5591
18 23
63
4080 4684
4875 5149
3715 3309
4195 4447
3692 3295
1782 565
2888 499
4197 3980
4877 5150
4373 4287
4837 5112
2981 2117
2918 3290
1915 678
4753 4756
2934 2017
4500 4483
4840 4992
3749 2135
1789 572
2762 325
4879 5154
4166 3930
3306 1254
4656 4784
1553 356
2964 2093
4372 3694
4186 3263
4921 5250
5017 5319
1780 561
4969 5380
4563 4631
4772 5031
2675 1710
3679 1976
1880 636
4432 3870
1758 541
3646 3192
4582 4276
4614 4352
4497 4461
2922 1996
4057 3775
4657 4785
1775 557
3299 1245
3497 3820
4562 4911
3975 2763
4458 3921
5103 5476
4431 4374
4778 4822
4211 3998
4985 5339
5054 5432
3731 3326
1548 354
4660 4790
4658 5138
18 33
60
4057 2782
4577 2768
4359 1791
1374 1033
5027 3410
4875 3239
4498 2866
3646 2033
3726 2573
1782 312
4837 3272
3679 2061
4209 2560
4432 2806
4458 2513
543 1173
1780 1231
4197 2856
2957 2110
4166 2840
4211 2566
4518 2127
4195 2855
2644 1031
2922 2076
756 346
4877 3296
5103 3441
1773 1229
5115 3459
3715 2562
2919 1228
1789 316
1775 310
4431 2996
4950 3260
4879 3300
1941 1337
3675 2057
1180 746
3686 2065
4840 3206
3019 2151
4949 3265
4151 2832
1765 302
4058 2784
4772 3155
4080 2428
4742 3205
4614 2987
655 304
1880 1281
4969 3373
4769 3232
4911 3279
4186 2054
2524 1847
4584 2960
1438 1973
18 37
62
4950 7798
4047 5005
1200 3111
2369 1188
4724 7061
3402 3302
2512 1350
4031 4977
4395 6226
3398 3140
2421 1249
3356 4840
4065 6213
3373 3231
2508 1329
3365 3218
3244 4846
4037 6169
4334 6002
3397 4899
4001 4966
3240 2979
3354 6041
3976 6037
4822 7468
3998 4978
2408 1235
4394 6757
3213 4727
4568 7012
2305 4681
3383 5068
2601 3693
3459 3396
3235 2977
1163 1315
4604 7085
3937 4731
3464 5160
3269 5938
3360 3134
2779 4010
4025 6122
2482 3394
2347 1156
3223 2935
3486 5147
4829 7318
4050 6179
2460 3322
3413 3430
3448 3314
3963 6642
2783 4019
4033 4986
4027 6191
4824 7305
3279 5947
4400 7051
3996 6132
2550 4984
4832 7484
18 38
436
4656 3644
1335 2049
3614 3632
5041 4097
3972 3265
1041 755
1840 2390
3510 3295
4989 4065
903 1605
4377 3561
1839 2389
4973 4047
3315 1806
1453 2166
323 1149
4990 4066
3019 2466
2629 2048
4106 3598
3715 3025
3604 3362
1 13
4002 3281
2630 2051
2329 1809
4985 4060
1309 2028
4952 4032
1048 769
4658 3900
4909 4006
5035 4095
1183 1841
442 1270
1885 2410
2712 2906
3549 3315
4144 3634
4373 3556
1593 1280
3679 2992
2558 2810
4357 3267
4358 3266
4190 3396
4783 3918
4878 3970
4582 3732
4908 3954
4085 3579
4949 3988
4443 3623
1773 2364
4657 3804
2514 2746
4176 3651
4054 3571
1774 1444
4647 3894
4379 3569
4969 4080
1521 2208
3504 3293
4567 3726
1031 1799
1767 1437
1040 756
4607 3864
1873 2402
833 672
5064 4120
4772 3907
4419 3600
2604 2848
4171 3648
673 1448
4742 3946
3640 3378
4830 3994
2952 2405
4140 3361
1455 2164
3661 2987
4672 3912
4100 3314
4178 3652
399 1227
1044 9
4056 3282
4857 4013
1344 2043
1190 1885
4918 4052
4209 3412
4431 3614
762 1499
3390 2765
4064 3299
2682 2108
4866 3963
3478 3283
1352 2050
2516 2749
4691 3839
2951 2407
1010 737
4231 3687
1191 866
4872 3965
5042 4068
1357 2055
665 581
4125 3344
1995 1585
4993 4070
3369 2747
4066 3300
301 1110
3704 3410
4162 3379
1458 2171
3593 3346
3646 2967
3490 2732
2641 2861
2332 1810
5078 4128
4588 3565
4827 3993
4901 4039
1036 753
3488 3298
2773 2235
3608 3360
3588 2932
4677 3916
1518 2211
5016 4045
3627 2281
2547 1933
2633 2858
4197 3403
3675 3393
70 81
2524 2759
4375 3563
4856 3957
121 885
2889 1399
4953 4033
3670 3391
3660 2986
4626 3772
3424 2797
428 1259
1323 2044
3641 3380
3269 3223
3718 3031
1394 1069
4644 3891
4769 3904
4160 3641
1446 2127
1037 751
2637 2865
368 1189
4415 3756
4195 3665
2913 3001
4752 3949
1880 1504
1009 1
4653 3800
4875 3968
444 1271
1928 1549
4469 3813
3989 2704
4664 3809
4577 3730
4126 3341
279 1086
3165 2630
1673 2301
4737 3943
4777 3911
756 638
3224 2582
1758 1424
4213 3415
4974 4048
516 397
4432 3616
1330 2046
4755 3952
4610 3760
1184 86
5022 4115
2253 1764
2325 1804
1211 1906
3686 3398
4155 3637
4843 4002
4840 3998
4063 3574
4490 3825
182 140
4141 3629
3639 2966
1583 1267
4450 3633
4073 3303
4217 3675
1152 859
1585 2256
2765 2935
447 307
1362 2075
2774 2943
2323 754
3561 3318
186 1015
1170 1860
5026 4089
2936 2382
1354 155
205 1009
4351 3543
2979 2443
4485 3671
3564 3322
2862 2968
2513 1855
4061 3296
4835 3944
713 1480
3655 3385
3470 2828
273 2125
2918 1441
4372 3557
4879 3971
174 2039
1527 2215
2957 2415
1801 1463
1760 2352
4896 3990
354 1181
4500 3683
1468 1114
1297 886
4667 3812
4439 3782
3705 3013
1189 1882
4074 3304
4497 3674
2911 2998
2709 2905
2305 2633
1925 1542
4057 3573
2722 2899
1316 2026
2956 2419
3726 3036
316 1124
4576 3728
4665 3903
2443 1917
119 881
4502 3833
4132 3358
1777 2365
2608 2850
4669 3817
1543 1229
4071 2842
4791 3926
5059 4136
2927 3009
1172 1839
1347 2057
4779 3914
2523 2758
167 950
4380 3566
387 1217
3491 2841
3628 3372
4478 3663
4359 3269
2718 2896
655 1432
3590 2916
4456 3636
2413 1871
4090 3589
3731 3038
1810 2381
5045 4101
1195 1862
1528 2216
4796 3927
1462 2148
2716 2146
1539 1231
2699 2121
4965 4079
1887 1509
2553 1925
4142 3631
2626 2860
3472 2813
3975 3268
1315 918
77 61
1299 2021
4760 3958
2790 2950
845 1577
1351 2045
3514 2819
2770 2941
4632 3955
4883 3976
5053 4129
4417 3867
4818 3936
3706 3411
2776 2944
4461 3803
4788 3974
4662 3807
4169 3649
2632 2862
1380 2074
1154 69
1914 1535
1274 869
5025 4088
4992 4098
338 1160
4416 3597
4151 3371
4980 4054
2605 2849
2494 2728
4862 3960
381 250
4146 3368
4663 3808
4837 4001
4504 3686
2833 2266
3175 1689
343 1148
1339 969
3454 2808
853 1581
1328 941
4979 4050
2863 2970
4624 3621
3654 2972
3465 2826
5056 4113
4058 3287
4924 4056
3544 3312
149 117
4088 3582
3699 3409
2848 2964
4978 4087
2706 2895
3591 3342
554 1356
1789 593
196 980
3758 3435
1379 2071
4778 3966
4977 4086
4915 4049
4967 3950
4770 3964
4506 3685
5103 4138
4412 3754
4220 3676
1706 1388
1783 2371
4211 3413
1203 1880
456 326
4113 2182
4342 3545
2644 2082
4168 3647
4614 3767
3597 3355
2949 3030
4179 3657
2479 1949
1474 2162
2695 2887
1492 2195
4660 3901
4418 3763
3273 2696
2631 2072
4744 3876
4976 4085
2625 2856
4020 2752
4223 3426
2729 2907
351 1173
4881 4027
4646 3796
2582 2844
1702 2316
4435 3777
4434 3780
4102 3594
1251 1996
5011 4043
3792 3108
4726 3941
4914 4015
550 462
19 24
26
1094 1370
738 761
939 1037
706 1043
431 29
1300 1574
1254 1521
965 1066
1102 1373
1270 1518
483 401
740 400
1167 1381
1221 1466
1224 1444
975 753
737 760
1273 1523
1271 1538
413 9
1098 1277
1274 1540
1272 1539
1105 1293
1255 1496
1304 1590
19 34
20
1221 2444
1270 2516
1168 2414
1105 2204
782 1708
965 2197
373 0
738 1942
1098 2196
1240 2497
1273 2555
737 1941
1104 2202
1165 2201
744 1562
1162 2323
1274 2557
1255 2520
998 2048
1199 2408
19 39
111
1188 1124
1239 1214
1008 1025
1167 1155
1125 1126
1132 1130
929 744
1002 1017
1240 1212
794 649
1175 1120
792 826
1253 1223
1034 852
1153 1145
1017 1037
1219 1210
884 874
1001 1016
1092 1097
1271 1256
763 815
72 75
947 783
1212 1198
1269 1237
1184 1166
743 802
1199 1189
1035 853
1214 1204
564 695
1114 1014
844 692
1121 1121
984 990
1033 851
1256 1242
991 819
1221 1209
1162 1154
1260 1246
1059 872
1127 1069
544 338
1263 1251
1224 1190
790 825
1182 1164
1094 1093
1215 1205
1030 1046
1039 1049
1178 1162
1196 1187
1016 1036
1251 1236
1228 1217
1027 1039
838 684
1098 1098
1259 1245
744 803
1000 1012
1054 870
1213 1202
1190 1171
784 643
1246 1229
1300 1272
1274 1258
1135 1131
1095 1095
819 1032
1306 1280
773 625
1261 1247
1093 968
537 670
842 847
1032 1047
761 813
1235 1222
821 1033
1170 1158
1189 1170
738 799
513 821
1105 1099
1233 1203
1272 1257
855 696
997 1013
895 878
1037 1048
809 1028
528 836
805 1027
490 591
949 966
846 693
1072 879
1112 1004
1262 1248
1230 1219
1161 1152
1273 1240
561 688
1282 1260
1118 1030
965 982
20 21
191
1925 2349
1920 2342
1997 2432
1984 2420
2137 2723
2060 1785
1662 1120
1971 2406
1631 1729
1587 2370
2045 1770
1610 1704
1615 1707
1973 2410
1596 1694
2017 1742
1637 1734
2058 1782
1974 2411
1622 1719
1975 2412
1963 2398
1576 2347
1988 2424
1927 2718
1969 2404
2069 1794
1986 2422
1940 2364
1646 1753
1617 1709
1958 2392
1660 1119
1612 2408
1616 1708
1629 1728
2034 1759
1651 1760
1592 1693
2025 1748
1952 2384
2065 2473
1638 1735
1956 2729
830 1114
2001 2436
2023 1745
2050 1772
1982 2418
1939 2362
2067 1791
2015 2452
2052 1774
1611 1705
1626 1724
1639 1736
2057 1780
1600 2394
1633 1730
1985 2421
2037 1765
1932 2353
1967 2402
1656 1775
1931 2352
1659 1784
2012 2449
1586 2369
1628 1726
2054 1777
824 1113
2039 2465
2156 2471
1564 2333
1966 2401
2061 1786
2030 2459
1989 2425
2010 2445
2062 1787
1942 2366
1957 2391
2042 1768
1608 1703
1636 1733
1640 1737
1597 2383
1994 2429
2020 1744
1584 2368
2040 1766
1621 2426
1588 2371
1996 2431
2151 2462
825 1689
1999 2434
1943 2725
2028 2457
1964 2399
1644 1747
2004 2439
1565 2335
1574 2345
2008 2444
1578 1688
1641 1738
1951 2380
1618 1711
1614 1706
2148 2736
2014 2451
2064 1789
1987 2423
2059 1783
1978 2415
2033 1755
1918 2337
1962 2396
1981 2417
2013 2450
2063 1788
1619 1714
828 1702
2006 2441
1949 2381
1658 1781
1591 2374
2140 2728
1648 1756
2044 1767
1602 1698
1642 1741
1993 1718
1661 1793
1977 2414
2153 2464
2009 1727
2026 1750
1581 2363
1570 2339
1653 1763
1572 2341
2046 2468
2021 2455
1645 1749
1953 2388
1573 2344
1620 1715
1604 1700
1624 1722
2070 1795
1571 1686
1919 2340
1655 1116
1598 1695
1936 2357
1992 2427
1599 1696
1593 2375
2031 1752
1634 1731
1650 1758
2053 1776
2019 2454
1652 1115
1589 2372
2032 2460
1954 2389
1627 2438
1583 1692
1990 1716
2007 2443
826 1691
1609 2407
2049 2470
1595 2377
2149 2737
1934 2355
2141 2730
1948 2727
1930 2351
1923 2715
1946 2378
2036 2463
1928 2719
1625 1725
2147 2447
1567 2338
1579 2360
1654 1761
20 23
32
82 2313
87 2307
1693 4137
0 1
858 3449
1679 3475
834 3479
855 4140
3 911
1684 3468
1689 4148
1694 4138
847 3463
85 2310
851 4144
1691 4147
856 4139
838 2319
1688 3466
83 2311
1681 3473
1682 3471
853 3455
854 4142
1695 4136
1678 3476
839 3474
836 2320
841 3467
844 2314
840 3472
1683 3469
20 30
19
991 1149
2092 2508
2239 2669
1705 2045
2315 2769
2169 2580
2319 2772
2085 2514
2330 2784
2160 2572
1308 1464
2302 2665
1008 1160
1698 2034
2321 2775
2311 2766
2329 2783
2304 2761
2325 2780
21 26
106
758 574
880 2279
246 682
2203 2611
675 1341
1630 2677
986 1808
2290 2861
2250 2828
755 33
996 1821
2939 3271
295 1773
2650 3050
984 2359
2617 2593
954 1762
1620 2372
964 2348
2263 2653
3030 3283
2869 3186
2778 3165
2656 2842
990 1812
1963 2755
318 806
919 739
894 2293
1616 2669
2865 3178
149 44
949 1755
143 533
1993 2519
2254 2322
2849 3024
3087 3340
938 754
2118 1357
2836 3006
252 1704
2851 3026
2630 2621
136 529
1589 2650
3121 3357
2270 2657
767 1547
999 2373
1501 576
2189 2606
2873 3252
1989 2518
2248 1731
2278 2846
2269 2841
3094 3320
951 1757
1954 2750
2253 2325
2615 2244
2666 2852
297 2343
2787 3180
2566 2526
321 1809
292 1760
1614 2367
1566 742
2743 3204
685 1359
1943 2443
1590 2334
769 580
2862 3049
2857 3041
2867 3185
2229 2630
1561 726
940 759
319 807
1 901
2670 2859
1596 2659
2591 2774
2505 3094
2237 2310
3138 3342
2848 2805
2783 2646
2754 2780
2799 2323
2868 3054
1964 2468
2929 3264
1604 2354
987 2364
2578 2773
2282 2355
927 746
2240 2825
1412 2118
2239 2638
3084 3337
3191 3397
21 29
27
2655 1179
2102 883
3127 1508
2109 1122
2936 1344
2627 1245
2212 1155
1403 589
64 200
3022 1391
2267 1011
2614 955
3168 1542
2201 1235
2276 1262
2771 1238
2774 1304
2589 1219
2116 1123
3078 1389
2661 1178
2776 1306
1583 791
2681 1332
1599 1016
2590 1124
2283 1182
21 31
264
2789 4098
2231 2920
2964 4386
879 952
2080 2729
318 289
2208 1930
3122 4536
2842 4048
2284 2983
293 1084
2528 3430
2034 2689
1988 2643
1313 1551
2071 2721
1615 2046
2278 3612
2004 1676
991 1128
3165 4586
1552 2929
1026 1182
1309 2654
2027 2693
1000 2057
3182 4595
2160 1812
930 1974
2007 2676
2659 3609
2021 2677
2640 3569
2506 3394
2787 4094
2526 3428
546 21
1319 1561
1614 2044
924 1038
2828 4021
3185 4623
2006 2661
1567 1973
2250 3574
940 1070
974 1114
2566 1699
2198 916
2650 3601
2634 3567
2205 1928
3114 4492
3183 4620
2653 3888
2272 3603
2837 3830
2005 2662
1623 2054
2254 1980
2679 3906
235 980
2866 4104
1576 2003
2657 2977
321 1121
1311 1557
286 252
2827 4011
2863 4244
2858 4080
2012 2670
1980 2640
1493 1861
567 550
28 22
675 676
3024 4347
1962 2606
3121 4537
893 1947
2033 2690
2010 2652
2670 3622
2830 4018
1563 2933
3128 4500
2663 3608
2648 2957
2203 947
775 137
2782 3576
297 1087
2058 1697
916 1021
964 1090
529 534
3085 4452
2951 4368
2280 2979
984 2039
2240 3571
282 1064
2656 3606
315 1112
3101 4467
880 1936
3154 4604
248 999
2177 1875
2022 2697
1585 2955
338 309
3087 4453
3177 4605
1627 2994
1093 385
1011 2074
2873 4106
1999 2644
2149 2813
2075 2734
996 1131
1991 3457
2829 4017
2865 4091
2938 4224
950 2011
2831 4016
2772 3846
0 7
2263 2012
2961 4263
2876 4253
2859 4241
920 1032
2955 4258
2282 2038
295 266
247 997
547 557
347 1180
1588 1067
1283 1537
2258 3584
986 1123
348 324
1620 2056
2257 1991
1412 2790
871 962
242 988
1604 2037
921 241
2942 4064
2885 3948
2934 4219
2084 1600
973 2029
3048 4470
2150 2814
1621 2052
3144 4565
346 1179
2290 3624
3031 4357
3050 4471
1963 2607
954 263
3113 4442
2832 4013
2504 3362
2615 2893
2633 3859
1001 2055
2669 3900
3026 4231
915 1028
3133 4476
2786 3874
1561 1968
945 2006
1587 2000
3194 4632
2833 3813
2610 1821
1495 1863
2754 3507
3180 4618
3129 4545
747 123
2851 3847
2243 1962
3172 4596
3017 4335
2763 3819
2157 2834
2578 2811
975 287
330 1135
1 423
2296 3632
971 2028
3163 4584
2666 3618
143 859
2672 3901
942 255
2249 3572
2269 2970
2926 4203
1618 2990
1609 2040
1616 2988
2794 4103
754 107
1589 2959
2742 3777
1484 865
209 974
2262 3593
3173 4599
1559 1026
3111 4488
2505 3376
2248 1970
2953 4370
2948 4242
1965 2601
345 320
2503 3769
3142 4592
2854 4076
2743 4008
2632 3851
951 2014
2886 3958
3184 4622
2609 2859
2769 2901
3195 4636
3032 4364
3148 4594
959 1082
2872 4252
3135 4524
2591 3501
3096 4501
3037 4367
938 250
301 274
3100 4466
2253 1986
3152 4601
135 114
2229 2921
3034 4363
2502 3361
243 998
2940 3836
2607 1800
3040 4469
769 118
872 1932
21 36
86
2958 3329
78 119
2661 2876
2632 2849
247 207
2672 2475
3138 3632
940 232
2271 1839
2228 1763
1614 982
2615 2400
3032 3447
3037 3452
3177 3700
3156 3702
2592 2796
984 979
2873 3316
2248 905
2754 2795
975 972
2798 2874
758 141
1584 1820
2809 2487
2879 3163
2951 3313
2254 1792
2772 2833
2787 2869
2657 2462
1620 1858
2885 2528
2810 2892
3048 3463
2654 2467
2863 3307
2789 3132
2250 1784
2188 1717
2268 2461
2087 1565
2868 3134
1616 1853
2283 992
3105 3468
2804 2884
2102 1587
2240 2430
285 239
3144 3659
2856 3115
2249 2438
3114 3625
3084 3525
2806 2890
2948 3302
2782 2436
2683 1872
3168 3693
319 253
2695 1933
2675 1860
1360 686
2681 2488
3152 3670
3040 3538
1561 910
2659 2465
3087 3527
3077 3509
1552 1779
2942 3096
3028 3439
2866 3311
2953 3457
2116 1607
3039 3319
2262 2458
2678 1868
3103 3598
3143 3694
1592 1831
2854 2850
3034 3449
22 23
26
8429 4614
6402 3556
6321 3511
6268 3464
6270 3492
7754 4571
7732 4159
8409 4603
8757 4908
7730 4155
6362 3549
7727 4152
4121 2446
7743 4569
4116 2447
8381 4563
6396 3562
8380 4567
7747 4161
7731 4156
8417 4600
7729 4158
7814 4617
7733 4157
8416 4605
4119 2482
22 27
160
5728 3999
3135 663
8806 5751
3453 2424
6014 4182
7637 2686
4015 1203
8633 6363
7558 4188
6207 2783
8710 6436
3450 2423
1645 1182
3932 1096
8626 6356
4011 2753
5714 3973
7565 5242
3888 2698
7574 4198
4041 2799
6177 1147
3988 1156
6129 4280
8348 6036
6141 2672
4023 2774
3417 2398
8617 6341
1546 1104
3350 2354
8370 5393
7564 5238
3899 4288
7468 5166
3420 2402
9203 6604
5543 630
7586 4218
3811 2622
6152 1109
4012 2751
4028 2768
3916 1083
7674 4343
6214 2778
1115 820
594 500
6200 2754
1070 793
5629 3903
6006 5244
6118 4275
8230 5917
1112 816
6212 2776
5648 2242
8875 5872
7655 4293
6128 4283
6017 2600
3152 674
3955 1121
8260 5197
6103 4265
4031 2765
838 638
7641 2689
6199 4325
1171 844
3547 908
8309 6011
8316 6012
3356 2356
9385 7023
7457 5156
5855 2494
1027 758
6715 1672
6024 2616
6094 4256
8331 5296
3887 4271
1646 1185
3561 2511
4016 1201
9055 6294
5806 2441
8797 6530
3501 2458
6209 4334
8886 6324
6119 4278
8424 5626
3613 2525
8318 6404
6221 4329
6198 2761
7575 4200
6003 2594
3990 2733
7414 5135
6036 2631
6217 4330
7472 5176
6037 4206
8608 6335
5795 4024
8340 4292
5562 2215
8698 5303
8353 6041
3232 716
8904 6347
5708 5118
8571 5851
8053 3704
1660 1205
2881 2103
6225 4341
9054 6605
3880 4268
9088 6346
5601 647
6564 4583
7562 5236
4045 2758
1120 819
6210 2764
3358 2364
5881 4093
8139 3876
1500 1029
3562 2510
57 89
8915 6353
1188 864
3111 643
7644 2697
5686 3969
5874 2521
9469 7016
5768 4009
8244 5187
5604 2269
7331 3921
3174 2288
8229 5140
9473 7035
9210 6818
1091 803
6067 2645
7348 5083
9066 6824
7626 6016
8838 6265
3877 2684
3136 658
5724 3974
9207 6599
22 31
86
9160 4424
9022 4209
5409 1836
2048 598
7200 2855
8787 4200
7238 2864
6309 3298
6680 3390
7805 3759
6688 3392
9044 4220
8822 4034
6904 1696
4905 1653
8864 4055
7218 2862
8990 4319
6623 2649
6650 2624
8540 3518
8464 3773
6882 3475
7888 2669
7989 3486
9182 4339
4480 1555
7926 2620
9023 4214
8102 3826
8510 3805
6801 1582
9222 4352
6636 3454
7933 3784
2247 614
9357 4350
8818 4036
5402 1829
8581 3840
9029 4217
9180 4341
8790 4014
9426 4432
8130 2866
6894 1684
6929 2779
9507 4522
6646 1549
8745 4153
6772 2634
7237 3541
2250 1651
4427 2548
8022 3811
8866 4059
6572 2570
8135 3542
8001 3480
6807 3453
6783 3462
8511 2788
7850 3356
8556 3532
8514 4029
2110 31
6936 2754
8554 3533
2209 613
2204 1642
9435 4487
6948 3495
8812 4213
8040 3514
6449 2563
8038 3511
6826 1633
6788 2699
9501 4520
8016 3499
7980 2751
8506 4028
9317 4337
9427 4485
6330 3318
7939 3799
22 32
1227
8983 9301
5814 5942
4721 8052
4585 2086
9208 9513
8613 8857
3286 3541
3119 858
7564 8449
8630 8888
7574 7684
9136 9444
9578 9919
4856 7017
837 854
9710 9993
8117 8267
7399 7448
3585 3812
3853 1618
4897 5063
8186 7419
8589 8840
3469 3696
107 2361
8906 9415
7124 7225
8797 9331
4869 5044
6017 7664
746 771
9089 9412
838 3345
8568 8819
6394 6548
9054 9162
8218 8856
5919 6074
7381 8339
8398 8579
5683 5813
3142 3403
7211 7273
9124 9252
2065 2092
8595 8331
8927 9255
5955 7624
5303 7220
9314 9597
8848 9143
9454 9666
3145 3399
8430 9031
9345 9519
8161 7359
9101 9220
6492 7899
4863 5048
5108 5312
336 478
2917 3243
8149 8296
7785 7961
3200 3462
8674 8966
5883 6043
3324 1052
9099 9423
8644 8912
9209 9515
4041 6388
8104 8263
5947 6094
6607 6773
83 90
8214 8346
8090 8247
2405 2568
9049 9361
7332 7395
4864 5030
5781 5939
6743 8067
5123 5347
4474 6779
5042 5181
5134 2798
3337 3566
4392 6554
6956 8157
7653 7753
2894 3174
7821 7962
803 838
6390 7878
5428 5607
3141 3402
4867 5042
594 3122
137 168
5084 5171
9350 9636
3943 4179
5490 3282
9463 9777
1108 3652
5784 3668
6508 6633
4536 2041
7014 5391
1934 4682
6847 6946
3423 3621
3422 1152
6987 5360
6570 6549
3652 3853
2229 105
4803 6921
1746 4376
8816 8785
8068 8244
6569 7952
3267 3511
993 1023
8745 9304
9074 9400
7295 5696
893 915
5221 2939
9396 9562
9315 9733
7163 8245
114 143
1623 4204
6853 7011
3083 3385
3703 7621
3111 3359
6510 7931
2423 5164
8915 9429
3861 6263
7192 7238
2954 3214
4589 4600
7215 3206
1013 1032
4232 4373
9693 9978
3188 3450
8638 8903
2148 2249
8532 8754
1649 1764
9248 9545
4701 4838
6276 7829
8140 7350
7542 7642
7644 7744
4486 4756
9287 9575
7331 5750
3107 3401
2432 2435
7711 8561
3246 5814
7322 5771
193 304
1592 4182
9183 9498
8206 8351
8601 8357
4604 4839
9327 9744
8446 9039
1348 1369
7565 7665
5148 5458
8211 7456
3377 5887
1271 1290
480 3132
5607 5755
5478 7323
2613 2895
2708 3033
7116 7192
5935 3877
9313 9734
8326 8519
3386 3618
4273 6514
7095 5445
6910 7008
9026 9117
5661 5805
655 668
2600 5302
2505 2675
3942 6309
254 2604
2384 249
2174 2151
2664 2813
5875 7567
6831 6999
6587 7967
6857 7045
2256 2263
9439 9758
5210 7149
5601 3379
8334 8984
7914 8676
8328 8510
2251 2308
4999 5259
2339 5116
856 883
8179 7407
1766 4389
8053 7185
3067 3326
3376 3633
2201 2266
8839 9154
7866 8010
7427 7485
842 859
9196 9365
8952 9269
216 2595
7454 7515
8655 8929
124 2519
4208 6463
7161 7232
8441 9029
8634 8899
6511 6609
9400 9708
5515 5701
6015 7658
8139 7352
4736 5055
2591 2901
6300 7834
7494 7600
4175 4369
3270 3473
1808 4437
5874 7561
6907 8151
5493 3283
5686 5824
8491 8715
6504 7937
7317 5730
213 2569
5469 5667
7246 5663
6151 6310
2929 5659
5619 5756
3848 1599
6363 6788
8158 8833
8929 8932
5700 5855
4601 4894
3114 3357
2490 327
2933 3229
9375 9669
9048 9147
4557 4818
8919 8909
9422 9794
3954 4192
9340 9626
3657 3865
850 877
8641 8910
1773 4403
3920 6296
8623 9214
9380 9678
763 750
5307 5522
4587 4764
1603 1712
3694 1384
6805 8134
7378 5864
3068 3323
3124 823
5223 7177
8591 8841
7019 7077
2841 683
5648 5737
6755 6959
1837 4460
8616 9197
3113 3360
7587 7709
5468 5668
3178 3443
2538 2727
995 1031
7873 8620
885 950
8032 7085
2996 3284
3760 6148
848 873
9142 9460
8837 8800
2725 3041
3185 3446
6028 6179
9462 9676
8507 9082
8948 9445
9391 9560
3683 3888
6139 6289
7462 7519
857 3419
8424 8657
9397 9564
304 449
9041 9148
2166 2272
9204 9625
5067 5270
9383 9688
3279 3530
1109 3650
854 884
3945 6313
3224 992
4356 4456
9319 9608
9458 9674
4297 6466
7491 7593
8844 8809
8643 8911
8432 7987
5691 5841
8649 8916
7423 7481
9214 9518
3929 6301
9360 9650
3329 3604
57 50
7067 7182
8682 8974
1845 4477
9097 9421
3054 785
1435 1468
8892 9195
1919 1985
4324 6689
8913 9426
5261 5402
8153 8834
8959 9272
4940 2482
5075 5167
8833 9134
1636 4206
1958 2042
6706 5087
3058 3315
1751 1888
90 104
8495 8725
3152 850
4267 6497
1012 1044
3937 4171
8044 8187
7485 6066
58 2197
1790 4391
5112 5411
1417 1422
8722 9292
9339 9512
9648 9968
196 269
138 188
9364 9659
9120 9437
8717 9290
4271 4445
7842 6881
3427 3654
5826 7527
8015 8131
7488 6073
4901 4927
5175 7089
2389 2564
214 289
8939 9265
3912 6294
4681 4860
8871 9390
9374 9671
9688 9944
7968 8668
9456 9672
4386 6547
5673 7414
6855 8123
3430 3655
9139 9455
6158 6328
6453 7869
6164 6323
5562 5726
9347 9633
7235 5657
772 756
3661 3863
9277 9439
8124 8277
9333 9624
9372 9668
5147 2861
5550 3320
7639 7749
859 870
8640 7599
8529 8752
1585 1692
7348 8320
4675 6817
2822 672
7284 7338
3467 5937
3330 1046
8346 8993
6821 8038
9423 9736
7291 8290
9509 9804
8878 8848
9013 9319
2916 3246
8126 7313
8164 7362
977 991
839 848
8125 7317
8111 8268
106 147
7177 5505
7050 8189
797 812
3750 1429
2920 3242
7824 8629
7038 7132
8247 8399
6840 7007
8128 8278
8598 8858
5728 5867
7545 8443
9571 9917
5762 5905
9263 9549
6952 6989
8107 8271
8251 8416
849 874
6178 6332
5808 5944
2706 3039
8530 8749
7209 5617
8611 8865
5558 5725
596 3150
8080 8223
9599 9890
7346 5795
3706 6107
7942 8661
2584 5300
9133 9442
8443 8638
4195 4374
2544 5323
8605 8863
5957 6108
6126 6276
1593 1703
3042 3339
8910 9216
8851 8810
5181 7122
8850 8812
3762 6147
7484 8410
8900 9203
4370 6552
1072 1071
5249 7190
6451 7902
1039 1008
5236 7159
7521 7626
4882 5079
9425 9741
5155 5439
8718 8539
8590 8842
5621 5767
8824 9344
3334 3570
4860 5021
9389 9559
8340 8521
8194 8844
1819 4439
8961 9276
9508 9806
8619 8871
5608 5758
9675 9962
8069 8233
8809 9113
3399 5884
4314 6641
815 3382
9324 9606
4237 6470
6005 7667
8894 9196
8931 9260
8434 8626
943 3516
3921 4156
9137 9447
8521 8156
2439 2601
1752 4366
7401 5868
6619 6840
4700 4840
7856 7983
7946 8663
2956 5628
3245 988
3157 5751
5710 5850
8728 8549
3931 4164
7446 7513
3935 4178
8688 9283
1553 1655
3822 1539
4730 2105
8663 8942
3466 3688
3995 4247
4250 6495
7391 7459
8422 6792
6951 5140
2528 2716
8425 8632
6076 7722
3626 3829
5312 5514
7403 7465
5662 5792
7430 5918
6148 6305
9178 9352
667 682
9449 9764
9610 9895
8610 8866
3039 795
4578 6725
2927 3197
3658 3857
8546 8235
6780 6938
9008 9327
5272 5406
6381 6539
7978 7003
8873 9180
8853 8816
9025 9343
7924 8115
804 830
7147 5573
9117 9435
7157 7274
4217 4370
7373 7450
9475 9702
72 88
2175 89
7487 7591
7212 5631
6715 4957
9083 9405
3695 3896
4892 5072
9002 9478
7341 5804
1202 3710
6438 6577
5646 5736
7413 8362
8843 8807
5959 6109
2922 3225
3988 6344
7054 7129
8260 7610
6611 4680
8492 8717
2660 2971
8435 9037
3944 4180
9288 9718
8409 8041
9437 9754
1195 5953
800 834
818 842
7861 8633
2200 5022
5906 3851
6144 6299
9118 9436
8282 7657
2171 2277
8807 8753
9217 9522
5104 5238
4815 4820
5079 7074
8145 8291
7063 5470
7641 7742
4908 5053
9051 9158
82 93
3454 3676
4893 5062
9186 9506
7457 8374
2676 2959
3005 727
1732 1897
1097 1132
8499 8728
5902 6057
7882 7946
5143 5472
4881 5083
2375 2679
9539 9831
2465 2725
4685 6850
7031 7180
9353 9529
6036 6210
6617 6844
9725 10012
1265 3778
6114 7728
9207 9383
9076 9401
762 799
8819 9121
6157 4175
975 1012
3143 3397
5653 7402
8221 8359
8624 8876
2246 5046
4981 164
9203 9384
6308 7846
1091 3611
6423 7930
9468 9838
4399 6705
712 3234
7011 5359
1027 3544
7422 5911
9221 9389
7540 6122
8868 9178
6564 7959
8096 8805
8808 9118
4820 6928
9168 9598
4530 4796
2346 2369
7931 8125
3045 778
9359 9398
7130 7207
7143 7189
8182 7408
8239 8375
8150 8301
5630 5773
8855 9374
6042 6187
9040 9356
4540 4893
5604 5760
7998 8162
1550 4126
4714 4846
4677 6823
9445 9638
6145 8512
8842 9151
2594 5309
4910 5052
8262 8423
8592 8329
1188 3702
7512 6101
4950 5170
4003 6359
3926 6293
8337 7738
793 814
9265 9552
8845 9354
8215 7462
9056 9168
4833 2300
6874 4964
9632 9909
843 868
3889 4123
7049 8201
9329 9615
211 2575
3040 3340
8229 8869
8934 9441
3473 3705
4215 4380
1812 4562
4729 4990
9216 9524
9039 8799
9129 9440
7361 8326
3050 784
1731 1900
9271 9557
1780 4384
9387 9694
5855 5992
218 2592
978 3493
4989 5240
8054 8231
5074 5174
4923 6991
8852 8814
9122 9438
2024 2134
6143 6300
5185 5274
7525 7628
4551 4862
9625 9905
9176 9603
963 974
8578 8302
4705 4925
8325 8509
8772 9322
9474 9780
8144 8305
8110 8804
7024 7147
7519 7625
4616 4897
8582 8309
8219 7480
6032 6190
1598 1707
7279 7346
4455 6791
4502 2112
9055 9166
8268 8922
8585 8830
4260 6533
9192 9504
7838 8622
8693 8977
5193 2955
8700 9280
7205 5550
9069 9392
2948 3211
3312 1056
7795 8599
5093 5320
4590 4879
5652 7401
8177 7405
8387 8604
3917 4155
9236 9408
2071 2175
9063 9393
9421 9737
8390 7873
1391 3904
7638 6316
3231 7424
4541 2098
1794 4406
8667 8967
7779 7852
1071 3581
8461 9052
7040 7111
7389 7433
6923 7038
4331 6510
6518 6682
5714 8344
5591 5781
7740 7853
9643 9922
7573 8466
6913 5227
6067 6252
9219 9525
6735 4972
9200 9510
9034 9497
5837 5969
7950 8662
8776 9321
8904 9209
6309 8567
9654 9818
3325 3564
7841 8617
8014 8736
6652 4844
5538 763
5690 7432
5048 2760
7843 7893
3212 3499
4161 6531
3504 5962
7657 7772
3521 3741
6546 7947
7086 8203
8263 8425
7557 8450
7064 5450
5791 7505
9381 9679
6778 6904
8526 8747
8468 9038
5010 2693
1444 1474
8608 9190
4452 4755
4955 2490
8784 9062
3702 7620
8604 8861
7012 5353
7560 8454
3350 5851
9679 9972
5794 7504
9652 9930
929 984
8204 8337
6775 6973
4184 6465
8077 8777
8760 8679
8875 8845
4479 4744
8626 9223
8213 7452
4800 4995
8889 9192
8999 9329
7664 8542
8676 8970
6711 4955
5353 7241
4448 4637
3685 6088
8746 9308
8228 8364
6466 7881
7150 8227
7915 6930
3453 5925
5118 2772
8557 9133
9557 9857
4427 6551
4938 7002
1583 1685
9602 9891
5701 7436
9657 9884
5778 5907
4226 6471
9361 9651
6013 7659
9138 9448
9477 9851
6154 6306
8431 9041
8749 9312
7101 5451
8933 9262
9185 9501
1014 1037
3845 4072
4095 4359
8501 8741
2367 2754
900 922
4465 4746
4980 2546
8103 8273
4246 6482
9536 9832
8091 8795
8603 8853
3049 3341
8607 8867
6643 6893
8647 9248
5371 5530
7506 7609
9495 9795
9047 9146
4153 4444
7851 8014
4327 4513
3443 3662
3932 4166
9635 9910
8280 8938
7384 5840
7335 5765
9131 9263
8918 8900
6123 6277
5299 3032
1205 3714
9677 9970
9624 9906
9270 9243
8188 8321
8708 8528
8021 8722
9622 9903
4615 4950
4094 4350
9558 9858
8264 8427
3778 6184
7379 5859
8385 8588
1087 3595
7028 8181
9532 9823
6695 8087
3511 3731
9000 9317
9726 10015
8930 8935
8995 9475
5787 3674
8180 7396
4508 4674
6343 6544
9092 9411
9295 9724
3723 6113
8551 9129
8013 8711
7813 6796
4163 4378
7514 6103
5517 3290
5542 3342
8883 8850
6914 8152
9088 9207
957 977
7981 7060
3273 5839
6762 7012
4647 4978
2962 5650
5938 7603
8908 9410
8911 9428
9127 9256
9432 9614
1872 2027
8796 9332
5715 3568
9552 9853
9476 9850
1346 1366
8800 8744
1085 3605
6974 5330
9179 9508
7371 7458
8899 8870
7375 8335
6742 4891
139 179
5960 7627
3463 3712
8472 8691
8637 9234
2575 472
8301 8487
9262 9548
9116 9434
8628 8883
8509 8740
9540 9825
3043 783
8696 8989
7329 5753
4627 4961
7394 7467
1734 4446
9052 9364
9239 9667
5589 5740
9334 9619
4658 2244
1771 4405
4686 6820
7895 8081
3420 5900
9405 9713
4444 4626
9522 9815
8789 9086
2147 4804
9433 9750
3187 880
9516 9807
7400 7444
7121 3052
9247 9413
8549 8773
2481 2695
9090 9208
6928 8147
6172 7759
3308 3553
1866 2006
8564 9139
8005 8703
8112 8265
9143 9457
8956 9271
7380 7454
8297 8953
9184 9611
9267 9690
7972 6990
6869 5065
6368 8596
8088 8793
8997 9476
8780 9063
9642 9958
2971 3226
6548 7921
4162 4495
9211 9521
4160 4454
9210 9528
8241 7540
1133 3660
1858 1999
9266 9556
6827 8110
8156 8303
7505 8420
8240 8376
7053 8226
9719 9992
8989 9311
9335 9628
3774 3982
9019 8732
8773 9326
9244 9416
1840 4469
7080 5433
9197 9371
9649 9965
7929 7040
5788 7486
7393 7439
9119 9247
8482 8670
4586 4885
7790 7903
6232 8557
7032 7167
9444 9639
6306 7845
8645 8913
2634 5316
7084 8191
5219 5367
9651 9932
3156 5793
9316 9731
9173 9492
6141 6295
7659 8537
6357 4650
7468 8379
9408 9716
9695 9948
9144 9454
7655 8522
1162 1157
8880 9399
9547 9835
5949 6097
8973 9465
9201 9509
3991 4239
7059 8192
8684 8985
6322 7851
9595 9888
8830 8803
7510 7615
9703 9964
9286 9719
5924 3867
9430 9748
5717 5872
9704 9967
860 3425
9546 9776
1115 3635
4591 2183
9059 8824
5782 5926
9614 9898
834 882
9006 9477
9526 9821
8876 8847
3398 3643
8897 8872
6863 8167
6493 7894
4381 4476
8743 9026
6745 8019
6166 6321
2955 649
587 3112
9371 9538
9480 9781
5212 2980
8183 5799
8143 7330
8888 9202
4689 4958
9537 9829
4305 6515
7472 7545
8632 9231
7615 7726
8079 8781
3690 3892
9005 9337
6364 1975
9091 9213
9369 9652
9513 9810
22 37
60
4423 3048
8728 6612
5562 4015
7514 5674
5112 1574
8808 7067
9196 7330
9469 7765
2823 1844
4449 3071
9216 7508
6755 5014
6832 5101
9586 7876
5601 2009
7331 4035
7329 5482
9431 7730
4940 3581
1861 1119
5558 4013
9333 7626
4729 3321
7940 6142
3114 2003
5607 2012
8174 6373
3050 1976
4051 2802
8589 6846
5589 4029
1417 2553
4658 5078
6775 5036
4601 3173
4647 3256
7318 4014
3142 2022
3124 368
6742 4998
9462 7659
5621 4045
9372 7653
754 345
6840 5106
7986 6193
4150 2901
4203 2942
3041 1964
8929 7182
8875 6848
7993 5148
9335 7490
6869 3367
8718 6600
8139 6351
5538 1958
6786 5095
9430 7729
7117 3759
23 28
63
3266 1254
5149 3664
4375 3237
253 332
1759 1152
4948 3545
4739 3442
252 1117
3699 1955
1242 970
5317 3755
4380 3243
1566 1054
557 504
3089 2028
5031 3477
3309 2846
3998 2847
5154 3673
5385 3796
5388 3799
2024 1292
1681 1118
3694 1956
1542 1024
1996 2099
3930 2812
5261 3671
4374 3445
3980 2831
5002 3647
4391 3256
4822 3480
5126 3707
5112 3642
1523 297
4284 3193
4352 3230
4951 3547
4447 3286
4966 3427
2978 1986
3864 1157
2098 1332
1555 1040
5013 3268
5380 3789
4790 3472
3696 2703
4945 3405
2066 1318
3326 2129
2139 2150
5136 3659
4005 3294
2017 1288
1642 2751
5144 3591
4376 3447
561 507
4397 3258
4689 3407
4804 3475
23 32
169
3279 6095
3550 6788
2775 5107
4431 8404
1291 2393
3865 7336
4282 8700
4794 8886
3739 7100
1522 5178
4819 8918
3269 6083
4432 8407
2908 5245
1494 5151
5301 9635
3179 5914
5089 9334
3017 7151
1621 5355
3816 7166
5088 9112
4336 7253
3103 3275
1503 5162
5035 9239
3627 8059
1246 4835
3637 6863
4603 8041
5336 9697
1543 2609
4419 7542
3781 7136
5295 9599
4296 8178
4304 7158
3759 8179
3740 7073
3686 7044
3867 8299
2699 6855
3841 5565
4967 9358
2824 5165
4979 9363
4745 8836
4313 8789
3009 7101
3725 5187
2758 5081
3250 6047
3967 7607
1869 3685
3818 7267
1938 1303
3008 7138
4278 8693
3709 7051
4253 8057
2872 2466
1594 2551
4975 9140
2446 1957
2627 4578
4687 8683
1627 3030
4813 8419
4368 8294
3257 6060
3940 8385
3635 6899
2740 4811
1263 2345
1457 5157
4712 9125
3596 6772
3770 7127
5490 9924
4403 8356
1098 1962
5117 9179
4982 9164
5211 9367
4291 7057
4246 8039
3069 5589
4792 8881
4349 7300
3018 5266
4968 9351
3768 7070
3701 7043
3953 7577
1353 2487
2983 5318
4308 8765
1442 5142
1695 5630
1511 5188
4732 9167
1229 2314
4932 9099
3698 5131
1277 2382
2780 5112
3691 5109
5104 9359
3101 7331
3625 6830
3802 7245
3800 5488
3612 4644
5107 9170
1527 2429
3683 5096
4279 8706
2955 5122
3673 6917
3838 5562
1568 5255
5106 9373
4737 8832
4698 9103
1671 3127
2764 5090
5216 9376
3736 7094
2900 5252
2785 5105
2766 5104
4252 8074
4266 8090
4701 9107
2985 7098
2975 7053
3801 8241
2659 6731
5372 9749
4972 9157
4241 8025
3004 7130
3961 7606
4936 9074
2769 6916
3822 5567
3679 6812
5098 9353
2880 2484
4310 8177
2961 7065
5428 9817
3678 8069
3016 2824
21 1977
4312 8180
4317 8783
4286 8764
2727 4797
4323 8782
5374 9755
1546 5196
1592 5257
5419 9801
2930 5138
1540 5134
1866 3695
3006 8219
5142 9430
23 33
333
1232 1711
4518 2155
5031 3155
1197 702
2940 1001
5129 3220
3239 2524
2822 1809
3870 2806
1694 162
5421 3394
3060 1071
1302 770
565 312
256 1033
4961 3108
4851 3048
2763 1790
1475 890
3713 2405
5149 3239
153 797
2135 2137
1242 713
572 316
3699 2394
1464 912
3960 2058
308 1090
4471 3036
4366 2813
5291 3320
1513 948
4785 3024
2741 1785
2814 1799
1520 940
3326 2574
5391 3347
2726 2326
3711 2407
4351 2983
5053 3172
124 108
4449 2857
1501 941
4272 2766
2040 2101
2933 1915
3670 2761
1979 2067
5288 3321
2821 1813
163 859
2735 1782
1523 939
1337 784
601 1253
3149 2004
5420 3396
340 1122
5153 3241
1956 295
2946 944
1266 729
4748 2817
3980 2856
4273 2768
5264 3353
2815 1824
4802 3232
1666 1021
3187 2519
5135 3288
3266 2055
1270 1798
3669 2377
1534 1851
3694 2393
4965 3110
5144 3233
670 380
3309 2562
4352 2987
1967 2535
5094 3197
4375 2483
5375 3399
76 71
1211 1668
1680 1954
1544 1877
4374 2996
1378 1886
5136 3230
1487 930
2760 1788
164 1898
5154 3300
5333 3346
5263 3299
4784 3022
3098 2476
1565 1849
2725 1766
2835 1836
1623 1920
1505 938
3256 1212
1507 935
5345 3356
1309 763
2855 1852
5427 3400
3720 2409
208 973
3767 2463
1995 1229
4761 3135
4986 3204
1509 936
1512 949
5227 3287
561 1231
1555 1848
5054 3248
2077 2109
1582 1894
1563 1892
3662 2383
2838 1843
2943 1916
2977 2417
5152 3297
5164 3309
1758 1981
4362 2988
2924 1911
1702 171
1321 1845
1233 1713
3717 2413
4861 3055
4927 3095
3888 2493
5007 3216
4830 3164
4992 3206
4408 3021
4353 2984
3192 2033
4404 3018
4447 2855
3851 2799
3696 1797
2742 2736
4030 2581
4821 3031
4957 3104
2952 2400
1226 1698
3311 2095
2945 947
4959 3105
5116 3207
4964 3109
4393 3013
4948 3260
2762 1791
255 1024
3906 2830
5240 3344
2913 1901
5013 3020
2991 2787
4383 2814
4496 3051
1214 2333
5436 3407
5514 3448
3263 2054
4389 3008
4386 3003
3901 3009
3864 1984
5237 3342
4735 3118
1117 1727
2813 1802
4991 3128
556 309
1493 109
3935 2843
4324 2969
5313 3281
5306 3331
3962 2074
5044 3162
3364 2603
4148 2210
2743 1783
4804 3152
4756 3133
3998 2566
4346 2981
4079 2889
3898 2825
5229 3376
2757 1789
5112 3272
1740 1972
4849 3174
4470 3038
1816 2016
5378 3420
4900 3082
3293 2077
4005 2568
610 1263
3073 1941
4479 2867
4747 2816
3665 2385
3667 2380
5342 3351
5224 3223
4271 2760
5052 3243
199 968
1741 1976
5148 3294
2978 2416
1824 2018
3118 1977
5111 3271
5413 3392
3687 2753
1255 725
5208 3325
1996 2076
3089 2474
4840 3037
4739 2993
3111 1101
4388 2823
5319 3337
3837 1063
4287 2392
49 1641
4941 3194
290 1978
3879 3001
4511 2883
4397 3011
1179 2325
4400 3016
4863 3189
3997 2558
1684 1952
4342 2978
5162 3308
52 1648
3795 2968
270 1959
1676 1949
5231 3341
1743 1974
1690 1950
5150 3296
1537 1864
1707 1958
3894 2818
3104 1968
2748 2341
5326 3340
2017 2084
3112 190
1658 160
310 1985
5126 3282
3183 2516
4998 3210
3840 1067
1797 2009
247 1938
3048 2797
3782 2785
4970 3200
3059 2461
3909 2511
4787 3142
5380 3373
4993 3007
252 1031
2093 1304
3676 2741
4376 2998
678 1305
3930 2840
5016 3228
5000 3211
3775 2782
265 1032
4759 3005
2119 1337
3919 2834
446 2037
1976 2061
1809 2014
248 1006
4689 3098
5206 3262
2024 2088
1735 1971
4422 2846
4343 3115
5205 3195
1569 1868
4482 2868
5431 3419
5269 3306
4898 3084
3174 2514
3911 2833
1261 715
3153 2505
4425 3027
711 1346
3875 2997
5103 3267
5343 3382
1720 1963
1798 2007
23 38
52
3111 2918
5138 3900
3870 3616
4287 3556
5013 3892
2762 3269
4447 3665
396 2268
4376 3780
1261 1805
3694 3557
3309 3025
4352 3767
538 1439
3060 2867
1996 3003
3980 3403
4374 3614
4784 3644
1665 1052
5319 4081
565 1450
5149 3968
5345 4066
3071 2090
657 2423
5154 3971
5264 4065
1748 2198
3998 3413
3326 3038
3341 2441
3958 3399
2757 3267
4068 3086
1787 2247
678 2429
1995 2364
5204 3988
4821 3819
3192 2967
1650 2063
636 1504
1658 2081
2017 3016
2041 3028
3106 2912
5031 3907
5307 4041
557 1445
4393 3790
5148 3967
24 29
24
453 953
741 647
1467 1295
1494 1383
1464 1342
1248 1106
974 849
1241 1104
958 844
1369 1218
1280 1126
1587 1554
1001 875
1358 1099
981 529
959 499
1517 1434
1423 1214
1421 1288
962 500
451 711
1449 1407
1516 1384
1518 1433
24 34
175
552 1308
1495 2489
1386 2243
1466 2444
1154 2060
1011 1366
459 98
1284 1975
1197 1807
1243 1856
1313 2240
1396 2431
1542 2523
93 1162
503 184
1138 1704
1119 1679
940 1828
1496 2520
354 1000
1248 1375
1280 1576
1468 2411
798 1109
864 1292
821 2024
1449 2457
1432 2408
851 1252
877 1774
1586 2608
1391 2067
451 1089
1312 2023
196 698
761 1942
338 1495
1487 2435
171 1225
1536 2546
1159 2267
1066 2197
753 1525
478 2012
1477 2497
1534 2544
1562 2603
1083 1596
397 1012
566 1321
685 2189
1315 2236
1156 2054
760 1941
1374 2207
1293 2204
1294 1624
1174 1310
1269 2323
794 1670
102 1170
1139 1702
1091 1983
1341 2126
1305 2019
1241 2165
1519 2518
1291 1984
1476 2461
1149 2256
856 826
1385 2242
749 1043
1554 2552
871 1302
1380 2238
1158 2261
1290 2327
1401 2433
1118 2026
1255 1397
1302 2227
1540 2557
1095 1616
1187 1793
1277 2196
1318 2346
1550 2539
698 997
1488 2478
1337 2083
706 1003
1533 2542
549 1295
1525 2490
1455 2469
1339 2086
793 1107
837 2050
1560 2579
504 1714
1152 2051
1518 2516
1420 2308
1400 2377
1447 2352
962 1361
1135 2231
1473 2495
874 1769
351 978
809 1692
1472 2354
1444 2450
234 1314
1198 2130
86 175
1172 1759
1316 2027
682 1914
1544 2560
885 1779
548 1757
1358 2163
1133 2009
1595 2624
1402 2287
1481 2465
1357 2160
1561 2569
1086 1980
1310 2237
1176 1772
1117 1673
1507 2503
1298 2003
562 854
493 1698
74 1132
1433 2331
1521 2556
395 1532
1458 2383
343 1405
1514 2510
1351 2301
1123 1685
1526 2492
1501 2531
1022 1871
1430 2329
1263 2324
832 2042
1516 2515
1213 2138
1215 2298
1288 1599
1194 1802
1115 1667
973 1360
1494 2486
1188 2124
1399 2277
1373 2407
427 1071
1320 2245
1580 2602
633 906
453 1660
1549 2582
1448 2355
1539 2576
1256 2309
1502 2528
1426 2401
24 39
28
1523 1240
1466 1209
1154 1017
1518 1238
1266 965
1477 1212
209 417
1277 1098
1381 1155
1396 1168
1476 1214
1268 1153
1444 1190
1066 982
503 646
1293 1099
505 826
1521 1255
1538 1256
1149 1013
1395 1196
1574 1272
761 799
1539 1257
1540 1258
1432 1189
1507 1228
499 824
25 26
69
2477 2466
2441 2429
2476 1904
2624 2904
1966 907
2687 3092
2462 2452
2460 2450
2455 2445
2492 1925
2478 2467
2447 2438
2461 2451
1967 908
1944 1899
2468 2458
2442 2430
2626 2908
885 899
1945 2453
2450 2440
2452 2443
1947 1901
2829 3329
1962 906
2494 1927
2629 3091
2456 2446
2605 2468
2597 2744
1946 1900
1940 2442
2443 2433
2594 2739
1952 901
1935 1896
2589 2730
2592 2737
1954 902
2630 2747
2454 2742
2596 2743
2459 2746
2458 2449
2465 2456
2482 2471
2488 1915
2472 2463
2457 2447
2464 2455
1951 900
2491 1920
2487 1913
2608 2478
2649 3094
2647 3202
2598 2745
2601 2748
2692 3205
1960 905
2631 2912
2590 2731
2471 2462
2483 1910
2628 2910
2690 3204
2480 1906
2625 2906
2602 2457
25 27
24
1491 4399
429 2851
469 2848
1713 4420
2571 5456
1634 4418
845 2860
435 2849
1462 2854
2642 6467
431 2846
1483 2855
1472 2863
1507 4413
2354 4422
1696 4421
1711 4416
850 1253
1450 4409
843 1252
2619 6094
2644 6463
849 1254
1716 4417
25 28
127
130 1456
988 2348
2050 3034
1080 2257
1056 2275
2526 3376
1040 2291
146 1427
1057 2274
133 1449
912 2427
1988 3079
937 2399
1014 2315
1054 2279
985 2350
1021 2308
2520 3387
1012 2319
1063 2270
960 2372
1004 2325
1034 2295
1002 2330
2012 2396
156 1415
2060 3027
1083 2255
1070 2263
1048 2284
154 1417
928 1467
1081 2987
966 2369
983 2352
1 1408
135 1447
989 2345
2037 3048
1026 2303
1052 2281
134 1448
1090 2980
938 1452
981 2354
147 1424
971 2365
1055 2278
142 1430
2067 3020
2083 3007
1062 2272
139 1438
148 1423
2104 3361
1019 2310
2068 3019
945 2390
157 1414
946 2389
1064 2271
2011 3067
1067 2265
123 1478
2089 3002
1077 2260
1022 2306
999 2332
899 1482
2042 3043
2527 3374
970 2361
929 1466
1006 2323
165 1411
1015 2316
996 2336
2023 3062
164 2259
1042 2289
1035 2294
1086 2984
1074 2261
972 2359
153 1418
991 2343
949 2385
1088 2249
2096 2994
161 1412
933 1457
2080 3380
1000 1426
1099 2974
1078 2988
2071 3018
162 2267
170 2245
963 1436
955 2379
1059 3000
958 2375
166 2251
1986 2429
118 610
900 1481
973 2363
137 1441
2028 3058
145 1428
914 2426
2022 2380
943 2392
2086 3373
2055 3031
2523 3382
141 1432
2034 3050
920 1471
964 2370
2047 3037
2026 3059
1023 3023
910 1476
2512 3390
1094 2978
925 1468
26 31
119
3061 2991
3024 3843
3176 4082
3051 3890
2354 2037
2333 1998
3178 4091
182 283
1909 425
2653 2012
2372 2056
2367 2044
1762 263
2639 2932
1821 1131
3203 4005
3294 4370
2651 2958
2614 2908
2850 3616
2843 3609
759 1070
3021 4065
1784 1100
3357 4537
3252 4106
687 1003
2846 3612
3314 4454
2625 2917
3227 4224
2861 3624
2336 2014
2359 2039
3284 4357
3298 4335
2674 2993
2279 1936
2665 2040
2668 2985
806 289
2292 1947
3038 3865
2329 2001
828 1132
3060 3897
2337 1075
3340 4453
588 137
2663 2982
2825 3571
3026 3847
2859 3622
2669 2988
762 253
1809 1121
1767 1081
682 996
3180 4094
2244 2893
2842 3606
3306 4488
1746 1062
2375 2066
2630 2921
3205 4011
3154 3821
1702 998
755 251
3204 4008
3393 4598
3264 4210
3048 3593
2649 2951
771 261
3179 4092
2652 2961
3050 3601
2659 2024
3249 4251
534 99
2841 2970
2322 1980
2343 1087
3282 4356
745 242
2365 2043
580 118
3181 4096
2828 3574
3062 3900
2542 1682
2314 1021
3263 4206
3310 4442
1681 980
1808 1123
2845 3611
1693 992
3391 4596
2239 1861
3184 4104
101 212
3248 4101
3280 4444
3355 4535
3063 3901
1750 2003
3290 4368
3339 4492
3295 4258
1768 1084
2774 3501
3304 4343
3157 4227
2646 3577
2852 3618
32 107
765 256
26 36
24
581 143
759 232
2625 876
2825 2430
1809 260
3252 3316
3188 3136
3038 2857
2649 2445
574 141
2322 1792
2668 1852
2367 982
3294 3457
3187 3137
2669 1853
3019 3096
807 253
3185 3312
2365 984
2651 1813
2244 2400
2609 2833
2646 2437
27 32
113
630 3343
1672 4957
3916 5745
2913 6454
500 3122
2645 6252
6062 9299
6604 9384
1155 6343
5166 8379
4219 7709
6599 9383
2402 5900
643 3359
2279 5773
7012 9680
5872 8845
2215 5726
965 3931
4898 8167
7230 9841
4624 6550
5570 7947
2412 5909
1098 1688
647 3379
5759 8785
7197 9747
4183 7658
2689 7742
820 3635
5084 8324
3876 7352
5038 8285
4540 6513
1303 4430
5778 8803
1175 4232
2632 6209
794 3581
1679 4978
4587 7964
5235 8455
2398 5893
2767 6382
5083 8320
3686 5357
5237 8448
6262 9145
2354 5851
5156 8374
6335 9190
2429 3663
4596 7962
3299 6731
2962 4396
2269 5760
5040 7313
2067 3069
5751 8767
2423 5927
6241 8760
1124 4183
6689 9457
5062 8305
3348 6822
2413 5910
3879 5665
674 850
6346 9207
1274 4376
5899 8355
42 2005
5811 8810
4519 7884
1327 1900
89 50
1621 2092
3608 7093
5379 9016
4595 7913
2103 5595
7133 9663
2448 5942
864 3702
2400 3605
760 5860
3928 7392
756 3542
7100 9599
5698 8074
6530 9331
5165 8378
3992 5864
3318 6808
7016 9687
5626 8657
728 3493
6342 9197
4800 9091
6105 9026
7338 9918
797 3594
3558 5065
5328 8546
5531 7891
2744 6372
5659 8020
5916 9217
4002 7470
2494 5992
999 4006
4206 7689
28 33
77
3407 3098
1751 2665
3821 3400
1985 2419
3578 3222
3477 3155
473 1196
299 941
1162 180
3442 2993
3447 2998
2847 2566
2136 2585
1303 2100
3784 3399
2129 2574
3575 3220
1254 2055
1343 2137
3664 3239
1292 2088
371 161
970 713
3706 3280
955 1788
3445 2996
2831 2856
962 1790
2813 2841
3300 2573
2846 2562
3581 3228
1956 2393
2701 2774
2697 2770
3789 3373
1259 2071
3454 3003
3719 3378
2716 2784
2721 2786
3230 2987
1205 2020
3642 3272
1160 1094
3286 2855
3259 3013
1024 746
1040 1848
3480 3238
3786 3370
2032 2476
3283 3028
3273 3024
3851 3451
297 939
1268 2059
1365 2151
3659 3230
2859 2570
2053 2002
2793 2820
1288 2084
3724 3299
2099 2076
2098 2541
2116 2558
1174 1998
3436 3116
3598 3162
507 1231
3672 3241
3691 3194
2057 2504
1111 2463
3472 3145
3591 3233
28 38
19
1288 3016
3433 3331
3445 3614
2637 1882
3286 3665
3477 3907
2859 3674
3761 4092
3831 4139
3664 3968
3674 3972
1794 845
2099 3003
2831 3403
3308 3683
2032 3324
541 1505
3447 3780
2129 3038
29 34
35
618 994
1213 2314
1407 2457
1134 2210
1527 2579
701 1635
1146 2002
1398 2446
955 1998
587 1457
958 2006
1387 2444
268 50
1126 1965
1238 2348
1542 2610
706 1076
1114 1914
1216 2315
621 1005
1342 2319
195 943
1157 2038
1104 2165
1289 2318
1555 2608
1099 2163
1391 2487
1294 2325
584 1447
1346 2443
953 1660
1245 2234
1219 2193
711 1089
30 31
143
2300 3161
2462 2356
1954 2284
1983 1312
2441 2325
2370 3241
2446 2333
1893 2212
1948 2279
2459 2347
2483 2369
1905 3208
2453 3278
1919 2231
2351 3226
2452 2339
2297 3154
1986 2350
2328 3200
1994 1316
2425 2304
1998 1318
2342 3219
2407 2282
1881 3159
1937 2248
2466 2358
2389 2258
2430 2308
2435 2317
2474 2365
1976 2328
2460 2353
1958 2290
1898 2216
2340 3216
1931 2242
2316 3184
1930 2239
2332 3206
2324 3194
1897 3197
2437 2319
1987 2351
2355 3229
1888 2211
2303 3165
1878 3157
1972 2306
1867 3136
1921 2233
1868 3135
1896 2215
2325 3195
959 2202
1975 2315
2362 3236
2465 2355
2343 3221
962 1303
1864 3132
1947 2277
2358 3232
2317 3185
2337 3214
2493 2378
2365 2240
1895 2214
2333 3207
2456 2344
1961 2295
2357 2230
2557 3725
1920 2232
2429 2307
2330 3203
2292 3150
2414 2293
2352 3227
2395 3256
2322 3190
2368 2244
1970 2300
2408 3264
1953 2283
2470 2363
2423 2303
1924 2235
2335 3212
2380 3248
2399 3258
2306 3169
1926 2237
2387 3253
2339 3215
1886 3168
2443 2327
1979 2332
2468 2362
1889 3171
2450 2337
1891 3179
1876 3153
2416 3267
1916 2224
2287 3712
1950 2278
1962 2296
2360 3234
2434 2316
1973 2310
2400 3259
2385 3252
1885 3167
1943 2261
1907 3211
2444 2330
1980 2341
2401 3260
1942 2257
2491 2375
2285 3139
2445 2331
1965 2297
1964 2298
961 2221
1951 2281
2418 3266
1971 2301
1887 2210
2551 3720
2302 3164
1939 2249
1880 3156
1903 2218
1956 2286
1869 2203
1892 3178
2568 3290
2440 3277
2323 3193
1904 2219
2348 3224
30 33
41
2027 2632
2665 3257
133 2178
2014 2202
999 2187
2015 2641
119 1401
2026 2635
978 2209
991 2195
121 1400
2016 2201
2 442
2013 2642
5 440
126 1397
979 1408
2011 2208
124 1399
2012 2206
983 2203
1000 2186
977 2213
2017 2200
131 2181
973 1412
981 2205
1004 2631
980 2207
2018 2199
118 1403
2019 2640
989 2196
2024 2636
987 1405
993 2193
985 1406
2022 2638
2020 2197
2006 2212
2009 2211
31 32
48
3768 8645
4192 9316
4149 9308
2298 6440
3306 8587
1309 4334
3298 8567
2548 6551
3983 9027
2555 6564
3765 8641
2552 6567
3749 8598
4152 9306
3766 8637
2550 6580
3757 8607
3330 7879
2470 7848
3359 7990
3348 7916
3355 7975
3737 8574
3745 8595
3738 8583
4183 9030
3763 8625
3336 7898
3985 8603
3733 8566
3309 7854
3324 6474
3329 7883
3281 7840
2503 6488
2547 6561
2428 6453
3350 7941
3997 9038
3255 6442
3735 8578
3323 6512
3321 7900
2513 4414
2361 6436
4419 9587
3328 7925
3743 8577
31 36
115
3811 2368
4327 3409
3579 2860
4224 3427
3871 2861
4106 3316
4370 3457
2977 2462
4098 3132
1970 905
3846 2833
1039 225
2045 986
2039 979
2958 1813
3593 2458
4470 3463
1178 267
2988 1853
996 206
3572 2438
119 143
3598 1831
2044 982
992 205
4520 3617
812 139
3026 1884
4366 3301
4030 2790
1980 1792
4094 2869
4593 3694
1004 210
3574 1784
1988 918
1121 260
3849 2842
3390 2309
3628 2478
4029 3072
4084 3120
3895 2874
4134 3175
4368 3313
1076 241
4467 3458
4376 3326
1070 232
3923 2897
4244 3307
4546 3641
3907 2487
2893 2400
4605 3700
4622 3718
3571 2430
2985 1852
1951 894
2754 1618
2040 978
3948 2528
2043 984
4575 3671
3865 2857
4363 3449
99 145
4258 3322
4195 3257
1958 906
3481 2355
4122 3163
4047 3083
4364 3447
3476 2348
2929 1779
4569 3663
4469 3538
4505 3598
4453 3527
3638 1891
4367 3452
2014 947
2922 1763
1136 994
4064 3096
3582 1801
3851 2849
1968 910
3507 2795
3609 2465
2959 1823
4358 3441
4503 3536
4624 3723
1090 249
1085 245
4031 2803
4104 3311
3584 2863
3890 2467
3576 2436
4506 3539
4501 3534
3356 2243
4628 3702
4107 2472
3626 2879
3671 2524
3771 2235
4565 3659
4432 3506
4508 3543
4039 3075
3968 2540
32 37
69
9365 7330
5755 2012
8140 6172
7419 6390
6973 5036
8366 6430
7697 6537
5750 4035
8232 6272
4885 3156
7000 5101
3379 2009
8324 6374
2482 3581
3357 2003
5726 4015
5767 4045
8842 6851
3398 4048
5267 3602
2139 1167
5065 3367
8810 6807
8742 6165
8845 6848
8861 6861
5740 4029
8840 6846
8843 6850
8759 6762
8818 7099
9687 7765
5725 4013
3356 2004
4924 3174
5731 4014
9668 7653
6959 5014
5039 5095
3052 3779
8331 6386
9676 7659
9750 7732
7007 5106
6972 5030
6962 5013
2011 3071
2235 1222
5664 3921
9624 7626
784 1976
823 368
3934 4430
5753 5482
797 345
4978 3256
7266 5339
5361 5253
9926 7910
2829 1527
9671 7654
9707 7775
8482 6951
9821 7833
8329 6383
8658 6691
8436 6928
9762 7740
5766 4044
33 38
63
2549 3667
1067 3320
3013 3790
2996 3614
172 2902
715 1805
3300 3971
2871 3430
725 1807
2151 2466
3128 3873
2077 2365
3024 3804
1295 2417
2102 3028
2393 3557
2392 3556
2033 2967
3426 4139
2574 3038
2057 3393
3239 3968
2076 3003
2987 3767
2562 3025
2855 3665
2566 3413
3249 3973
1305 2429
355 1505
1790 3268
3281 4043
1788 3266
2570 3674
3232 3904
2856 3403
2524 2979
3020 3892
3356 4066
1292 1530
3023 3645
1227 1441
2806 3616
2084 3016
2998 3780
2573 3036
2820 3785
3331 4040
2536 3392
3031 3819
3451 4152
2110 2415
3155 3907
418 695
1071 2867
346 638
3272 4001
3238 3966
729 1811
2112 2422
3337 4081
310 1445
2560 3412
34 39
23
1071 808
2553 1234
967 564
2450 1190
2509 1235
1562 803
2324 1152
1942 799
2516 1238
2196 1098
2555 1240
2204 1099
86 812
2323 1154
2556 1255
2444 1209
2309 1149
2197 982
1072 592
2408 1189
1039 805
2576 1257
2176 970
35 38
172
1297 2596
795 3139
1307 3190
1580 3201
772 2545
1612 3478
739 1654
1319 3170
1342 3150
749 2568
723 2601
1609 3482
1593 3179
783 2533
769 2547
1578 3205
780 2534
218 1641
1363 3127
790 2527
1601 3495
232 2520
789 3144
220 1639
787 2530
788 2529
205 1671
1348 3148
771 2548
212 1647
1338 3157
746 2572
727 1659
1309 3187
230 2523
755 2562
1287 3208
1325 3162
1290 2605
1284 2609
712 2612
1591 3189
1602 3493
1582 3516
805 3132
216 1642
233 1634
786 2531
219 1640
1318 3172
1336 3156
800 2518
1295 2597
1579 3203
1341 3152
1335 3159
775 2543
1306 2585
208 1658
748 2569
768 2554
1658 3713
785 2532
1323 3165
1314 2574
765 2555
207 1668
735 2586
1606 3485
730 2592
809 3126
209 1653
1362 3134
1586 3194
744 1651
1603 3488
766 2550
764 2551
206 1670
1328 2552
806 3131
1583 3513
781 2535
801 2517
1305 3193
716 2606
745 2573
231 2521
793 2526
747 2570
811 2514
750 1649
731 2591
803 2516
1352 3145
1608 3484
791 3143
215 1643
1357 3137
797 2519
1337 3155
227 1636
1595 3498
1304 3192
1613 3474
770 2549
1600 3494
812 3124
1289 2604
729 1657
1292 3204
24 1633
1661 3712
1327 3164
1347 3476
808 3129
1610 3480
714 2610
211 1648
1299 3195
210 1652
724 1662
810 3123
1611 3479
1589 3504
1351 3146
804 3133
760 1644
1596 3497
1298 2594
742 2575
782 3153
1350 3147
1310 2577
1316 3168
1598 3177
759 2559
1321 3166
1594 3499
737 2583
720 1665
222 2540
1584 3512
1331 3161
228 2528
741 2581
798 2522
1359 3136
1662 3709
1356 3138
807 3130
1344 3151
1614 3473
225 2537
778 2536
1354 3141
763 2557
1345 3149
1576 3207
1313 3183
1293 3199
1315 3176
1353 3142
1588 3507
229 2524
1365 3125
1343 3477
762 2558
235 2515
779 3158
734 2589
1615 3469
37 38
21
6675 3554
6669 3552
6652 3540
4675 3198
5938 3223
2873 1672
5931 3214
4681 2633
6666 3547
6997 3718
6008 3270
6647 3538
6650 3723
4670 2619
6007 3271
4673 3180
5933 3174
6642 3525
2880 2582
5939 3184
6654 3539
